fare_id,rider_category_id,price
1,5,3.75
2,5,2.10
3,5,5.05
4,5,2.10
5,5,4.35
6,5,3.50
7,5,3.35
8,5,3.25
9,5,3.10
10,5,3.05
11,5,3.00
12,5,2.95
13,5,2.85
14,5,2.85
15,5,2.85
16,5,3.05
17,5,3.20
18,5,3.35
19,5,3.55
20,5,3.70
21,5,3.90
22,5,4.25
23,5,4.45
24,5,3.70
25,5,4.45
26,5,4.70
27,5,4.40
28,5,2.10
29,5,4.25
30,5,3.95
31,5,3.90
32,5,3.65
33,5,3.40
34,5,3.05
35,5,2.80
36,5,2.55
37,5,2.55
38,5,2.55
39,5,2.55
40,5,2.45
41,5,2.40
42,5,2.20
43,5,2.10
44,5,2.10
45,5,7.15
46,5,4.75
47,5,5.20
48,5,5.40
49,5,4.80
50,5,5.25
51,5,2.10
52,5,3.75
53,5,5.05
54,5,2.10
55,5,4.50
56,5,3.65
57,5,3.50
58,5,3.40
59,5,3.30
60,5,3.25
61,5,3.20
62,5,3.10
63,5,3.05
64,5,3.05
65,5,3.05
66,5,3.25
67,5,3.35
68,5,3.55
69,5,3.70
70,5,3.90
71,5,4.10
72,5,4.40
73,5,4.65
74,5,3.90
75,5,4.60
76,5,4.90
77,5,4.55
78,5,2.10
79,5,4.40
80,5,4.15
81,5,4.05
82,5,3.80
83,5,3.55
84,5,3.20
85,5,3.00
86,5,2.85
87,5,2.85
88,5,2.85
89,5,2.85
90,5,2.70
91,5,2.65
92,5,2.50
93,5,2.40
94,5,2.10
95,5,7.30
96,5,4.90
97,5,5.40
98,5,5.55
99,5,5.00
100,5,5.40
101,5,5.05
102,5,5.05
103,5,3.75
104,5,2.90
105,5,7.55
106,5,6.70
107,5,6.55
108,5,6.45
109,5,6.35
110,5,6.30
111,5,6.25
112,5,6.15
113,5,6.10
114,5,6.10
115,5,6.10
116,5,6.30
117,5,6.40
118,5,6.60
119,5,6.75
120,5,6.95
121,5,7.15
122,5,7.45
123,5,7.70
124,5,6.95
125,5,7.65
126,5,7.95
127,5,7.60
128,5,5.25
129,5,7.45
130,5,7.20
131,5,7.10
132,5,6.85
133,5,6.60
134,5,6.25
135,5,6.05
136,5,5.90
137,5,5.90
138,5,5.90
139,5,5.90
140,5,5.85
141,5,5.80
142,5,5.60
143,5,5.55
144,5,5.40
145,5,10.35
146,5,7.95
147,5,8.45
148,5,8.60
149,5,8.05
150,5,8.45
151,5,2.10
152,5,2.10
153,5,2.90
154,5,3.75
155,5,4.70
156,5,3.85
157,5,3.75
158,5,3.65
159,5,3.50
160,5,3.45
161,5,3.40
162,5,3.35
163,5,3.25
164,5,3.25
165,5,3.25
166,5,3.45
167,5,3.55
168,5,3.75
169,5,3.90
170,5,4.10
171,5,4.30
172,5,4.60
173,5,4.85
174,5,4.10
175,5,4.85
176,5,5.10
177,5,4.75
178,5,2.45
179,5,4.65
180,5,4.35
181,5,4.25
182,5,4.05
183,5,3.80
184,5,3.40
185,5,3.20
186,5,3.05
187,5,3.05
188,5,3.05
189,5,3.05
190,5,3.00
191,5,3.00
192,5,2.80
193,5,2.75
194,5,2.60
195,5,7.55
196,5,5.15
197,5,5.60
198,5,5.75
199,5,5.20
200,5,5.65
201,5,4.35
202,5,4.50
203,5,7.55
204,5,4.70
205,5,3.75
206,5,3.40
207,5,3.25
208,5,3.15
209,5,3.00
210,5,3.00
211,5,2.95
212,5,2.85
213,5,2.80
214,5,2.80
215,5,2.80
216,5,2.60
217,5,2.50
218,5,2.30
219,5,1.25
220,5,2.30
221,5,2.50
222,5,2.85
223,5,3.05
224,5,1.25
225,5,1.25
226,5,4.50
227,5,4.15
228,5,4.20
229,5,4.05
230,5,3.75
231,5,3.65
232,5,3.45
233,5,3.20
234,5,2.85
235,5,2.85
236,5,3.90
237,5,3.90
238,5,3.90
239,5,3.90
240,5,3.95
241,5,4.00
242,5,4.10
243,5,4.15
244,5,4.25
245,5,6.45
246,5,3.35
247,5,3.80
248,5,4.00
249,5,4.60
250,5,5.05
251,5,3.50
252,5,3.65
253,5,6.70
254,5,3.85
255,5,3.40
256,5,3.75
257,5,1.25
258,5,1.25
259,5,1.25
260,5,1.25
261,5,1.25
262,5,1.75
263,5,1.90
264,5,1.90
265,5,1.90
266,5,2.10
267,5,2.25
268,5,2.45
269,5,2.60
270,5,2.75
271,5,2.95
272,5,3.30
273,5,3.50
274,5,2.75
275,5,3.50
276,5,3.55
277,5,3.20
278,5,3.35
279,5,3.05
280,5,2.80
281,5,2.70
282,5,2.45
283,5,2.20
284,5,1.75
285,5,2.00
286,5,3.05
287,5,3.05
288,5,3.05
289,5,3.05
290,5,3.10
291,5,3.15
292,5,3.25
293,5,3.30
294,5,3.40
295,5,6.20
296,5,3.80
297,5,4.25
298,5,4.45
299,5,3.65
300,5,4.05
301,5,3.35
302,5,3.50
303,5,6.55
304,5,3.75
305,5,3.25
306,5,1.25
307,5,3.75
308,5,1.25
309,5,1.25
310,5,1.25
311,5,1.25
312,5,1.50
313,5,1.65
314,5,1.65
315,5,1.65
316,5,1.95
317,5,2.10
318,5,2.30
319,5,2.45
320,5,2.65
321,5,2.85
322,5,3.15
323,5,3.40
324,5,2.65
325,5,3.35
326,5,3.40
327,5,3.05
328,5,3.20
329,5,2.95
330,5,2.65
331,5,2.55
332,5,2.35
333,5,2.10
334,5,1.55
335,5,1.75
336,5,2.95
337,5,2.95
338,5,2.95
339,5,2.95
340,5,3.00
341,5,3.00
342,5,3.10
343,5,3.15
344,5,3.25
345,5,6.05
346,5,3.65
347,5,4.15
348,5,4.30
349,5,3.50
350,5,3.90
351,5,3.25
352,5,3.40
353,5,6.45
354,5,3.65
355,5,3.15
356,5,1.25
357,5,1.25
358,5,3.75
359,5,1.25
360,5,1.25
361,5,1.25
362,5,1.35
363,5,1.50
364,5,1.50
365,5,1.50
366,5,1.80
367,5,2.00
368,5,2.20
369,5,2.35
370,5,2.50
371,5,2.70
372,5,3.05
373,5,3.25
374,5,2.50
375,5,3.25
376,5,3.30
377,5,2.95
378,5,3.10
379,5,2.80
380,5,2.55
381,5,2.45
382,5,2.20
383,5,1.90
384,5,1.40
385,5,1.60
386,5,2.85
387,5,2.85
388,5,2.85
389,5,2.85
390,5,2.85
391,5,2.90
392,5,3.00
393,5,3.05
394,5,3.15
395,5,5.95
396,5,3.55
397,5,4.00
398,5,4.20
399,5,3.40
400,5,3.80
401,5,3.10
402,5,3.30
403,5,6.35
404,5,3.50
405,5,3.00
406,5,1.25
407,5,1.25
408,5,1.25
409,5,3.75
410,5,1.25
411,5,1.25
412,5,1.25
413,5,1.25
414,5,1.25
415,5,1.25
416,5,1.55
417,5,1.80
418,5,2.05
419,5,2.20
420,5,2.40
421,5,2.60
422,5,2.90
423,5,3.15
424,5,2.40
425,5,3.10
426,5,3.15
427,5,2.85
428,5,3.00
429,5,2.70
430,5,2.45
431,5,2.35
432,5,2.10
433,5,1.70
434,5,1.25
435,5,1.40
436,5,2.70
437,5,2.70
438,5,2.70
439,5,2.70
440,5,2.75
441,5,2.80
442,5,2.90
443,5,2.90
444,5,3.00
445,5,5.75
446,5,3.40
447,5,3.90
448,5,4.05
449,5,3.25
450,5,3.70
451,5,3.05
452,5,3.25
453,5,6.30
454,5,3.45
455,5,3.00
456,5,1.25
457,5,1.25
458,5,1.25
459,5,1.25
460,5,3.75
461,5,1.25
462,5,1.25
463,5,1.25
464,5,1.25
465,5,1.25
466,5,1.50
467,5,1.70
468,5,2.00
469,5,2.20
470,5,2.35
471,5,2.55
472,5,2.90
473,5,3.10
474,5,2.35
475,5,3.10
476,5,3.15
477,5,2.80
478,5,2.95
479,5,2.65
480,5,2.40
481,5,2.30
482,5,2.05
483,5,1.60
484,5,1.25
485,5,1.30
486,5,2.65
487,5,2.65
488,5,2.65
489,5,2.65
490,5,2.70
491,5,2.75
492,5,2.85
493,5,2.90
494,5,2.95
495,5,5.65
496,5,3.40
497,5,3.85
498,5,4.05
499,5,3.25
500,5,3.65
501,5,3.00
502,5,3.20
503,5,6.25
504,5,3.40
505,5,2.95
506,5,1.25
507,5,1.25
508,5,1.25
509,5,1.25
510,5,1.25
511,5,3.75
512,5,1.25
513,5,1.25
514,5,1.25
515,5,1.25
516,5,1.40
517,5,1.60
518,5,1.90
519,5,2.10
520,5,2.30
521,5,2.50
522,5,2.85
523,5,3.05
524,5,2.30
525,5,3.05
526,5,3.10
527,5,2.75
528,5,2.90
529,5,2.65
530,5,2.35
531,5,2.25
532,5,1.90
533,5,1.50
534,5,1.25
535,5,1.25
536,5,2.55
537,5,2.55
538,5,2.55
539,5,2.55
540,5,2.65
541,5,2.70
542,5,2.80
543,5,2.85
544,5,2.90
545,5,5.55
546,5,3.35
547,5,3.80
548,5,3.95
549,5,3.20
550,5,3.65
551,5,2.95
552,5,3.10
553,5,6.15
554,5,3.35
555,5,2.85
556,5,1.75
557,5,1.50
558,5,1.35
559,5,1.25
560,5,1.25
561,5,1.25
562,5,3.75
563,5,1.25
564,5,1.25
565,5,1.25
566,5,1.25
567,5,1.45
568,5,1.75
569,5,2.00
570,5,2.25
571,5,2.40
572,5,2.75
573,5,2.95
574,5,2.20
575,5,2.95
576,5,3.10
577,5,2.75
578,5,2.80
579,5,2.65
580,5,2.35
581,5,2.25
582,5,1.90
583,5,1.25
584,5,1.25
585,5,1.25
586,5,2.40
587,5,2.40
588,5,2.40
589,5,2.40
590,5,2.50
591,5,2.55
592,5,2.70
593,5,2.75
594,5,2.85
595,5,5.40
596,5,3.25
597,5,3.70
598,5,3.90
599,5,3.20
600,5,3.65
601,5,2.85
602,5,3.05
603,5,6.10
604,5,3.25
605,5,2.80
606,5,1.90
607,5,1.65
608,5,1.50
609,5,1.25
610,5,1.25
611,5,1.25
612,5,1.25
613,5,3.75
614,5,1.25
615,5,1.25
616,5,1.25
617,5,1.25
618,5,1.60
619,5,1.85
620,5,2.15
621,5,2.35
622,5,2.70
623,5,2.90
624,5,2.15
625,5,2.90
626,5,3.15
627,5,2.80
628,5,2.75
629,5,2.65
630,5,2.40
631,5,2.30
632,5,2.00
633,5,1.60
634,5,1.25
635,5,1.25
636,5,2.25
637,5,2.25
638,5,2.25
639,5,2.25
640,5,2.35
641,5,2.45
642,5,2.60
643,5,2.70
644,5,2.75
645,5,5.25
646,5,3.20
647,5,3.65
648,5,3.85
649,5,3.25
650,5,3.65
651,5,2.85
652,5,3.05
653,5,6.10
654,5,3.25
655,5,2.80
656,5,1.90
657,5,1.65
658,5,1.50
659,5,1.25
660,5,1.25
661,5,1.25
662,5,1.25
663,5,1.25
664,5,3.75
665,5,1.25
666,5,1.25
667,5,1.25
668,5,1.60
669,5,1.85
670,5,2.15
671,5,2.35
672,5,2.70
673,5,2.90
674,5,2.15
675,5,2.90
676,5,3.15
677,5,2.80
678,5,2.75
679,5,2.65
680,5,2.40
681,5,2.30
682,5,2.00
683,5,1.60
684,5,1.25
685,5,1.25
686,5,2.25
687,5,2.25
688,5,2.25
689,5,2.25
690,5,2.35
691,5,2.45
692,5,2.60
693,5,2.70
694,5,2.75
695,5,5.25
696,5,3.20
697,5,3.65
698,5,3.85
699,5,3.25
700,5,3.65
701,5,2.85
702,5,3.05
703,5,6.10
704,5,3.25
705,5,2.80
706,5,1.90
707,5,1.65
708,5,1.50
709,5,1.25
710,5,1.25
711,5,1.25
712,5,1.25
713,5,1.25
714,5,1.25
715,5,3.75
716,5,1.25
717,5,1.25
718,5,1.60
719,5,1.85
720,5,2.15
721,5,2.35
722,5,2.70
723,5,2.90
724,5,2.15
725,5,2.90
726,5,3.15
727,5,2.80
728,5,2.75
729,5,2.65
730,5,2.40
731,5,2.30
732,5,2.00
733,5,1.60
734,5,1.25
735,5,1.25
736,5,2.25
737,5,2.25
738,5,2.25
739,5,2.25
740,5,2.35
741,5,2.45
742,5,2.60
743,5,2.70
744,5,2.75
745,5,5.25
746,5,3.20
747,5,3.65
748,5,3.85
749,5,3.25
750,5,3.65
751,5,3.05
752,5,3.25
753,5,6.30
754,5,3.45
755,5,2.60
756,5,2.10
757,5,1.95
758,5,1.80
759,5,1.55
760,5,1.50
761,5,1.40
762,5,1.25
763,5,1.25
764,5,1.25
765,5,1.25
766,5,3.75
767,5,1.25
768,5,1.25
769,5,1.55
770,5,1.85
771,5,2.15
772,5,2.50
773,5,2.75
774,5,1.85
775,5,2.70
776,5,3.25
777,5,2.90
778,5,2.95
779,5,2.75
780,5,2.50
781,5,2.40
782,5,2.15
783,5,1.80
784,5,1.30
785,5,1.25
786,5,2.55
787,5,2.55
788,5,2.55
789,5,2.55
790,5,2.65
791,5,2.75
792,5,2.80
793,5,2.85
794,5,2.95
795,5,5.25
796,5,3.00
797,5,3.50
798,5,3.65
799,5,3.35
800,5,3.75
801,5,3.20
802,5,3.35
803,5,6.40
804,5,3.55
805,5,2.50
806,5,2.25
807,5,2.10
808,5,2.00
809,5,1.80
810,5,1.70
811,5,1.60
812,5,1.45
813,5,1.25
814,5,1.25
815,5,1.25
816,5,1.25
817,5,3.75
818,5,1.25
819,5,1.25
820,5,1.65
821,5,1.95
822,5,2.40
823,5,2.60
824,5,1.65
825,5,2.60
826,5,3.35
827,5,3.00
828,5,3.05
829,5,2.90
830,5,2.60
831,5,2.50
832,5,2.30
833,5,2.00
834,5,1.50
835,5,1.40
836,5,2.75
837,5,2.75
838,5,2.75
839,5,2.75
840,5,2.80
841,5,2.85
842,5,2.95
843,5,3.00
844,5,3.10
845,5,3.95
846,5,2.90
847,5,3.35
848,5,3.50
849,5,3.45
850,5,3.90
851,5,3.35
852,5,3.55
853,5,6.60
854,5,3.75
855,5,2.30
856,5,2.45
857,5,2.30
858,5,2.20
859,5,2.05
860,5,2.00
861,5,1.90
862,5,1.75
863,5,1.60
864,5,1.60
865,5,1.60
866,5,1.25
867,5,1.25
868,5,3.75
869,5,1.25
870,5,1.25
871,5,1.65
872,5,2.15
873,5,2.40
874,5,1.25
875,5,2.40
876,5,3.55
877,5,3.20
878,5,3.25
879,5,3.05
880,5,2.80
881,5,2.70
882,5,2.50
883,5,2.20
884,5,1.80
885,5,1.75
886,5,2.95
887,5,2.95
888,5,2.95
889,5,2.95
890,5,3.00
891,5,3.05
892,5,3.15
893,5,3.20
894,5,3.25
895,5,5.25
896,5,2.70
897,5,3.15
898,5,3.35
899,5,3.65
900,5,4.05
901,5,3.55
902,5,3.70
903,5,6.75
904,5,3.90
905,5,1.25
906,5,2.60
907,5,2.45
908,5,2.35
909,5,2.20
910,5,2.20
911,5,2.10
912,5,2.00
913,5,1.85
914,5,1.85
915,5,1.85
916,5,1.55
917,5,1.25
918,5,1.25
919,5,3.75
920,5,1.25
921,5,1.25
922,5,1.25
923,5,1.25
924,5,1.25
925,5,1.25
926,5,3.70
927,5,3.35
928,5,3.40
929,5,3.25
930,5,2.95
931,5,2.85
932,5,2.60
933,5,2.40
934,5,2.00
935,5,2.00
936,5,3.10
937,5,3.10
938,5,3.10
939,5,3.10
940,5,3.15
941,5,3.20
942,5,3.30
943,5,3.35
944,5,3.45
945,5,5.25
946,5,2.55
947,5,3.00
948,5,3.20
949,5,3.80
950,5,4.20
951,5,3.70
952,5,3.90
953,5,6.95
954,5,4.10
955,5,2.30
956,5,2.75
957,5,2.65
958,5,2.50
959,5,2.40
960,5,2.35
961,5,2.30
962,5,2.25
963,5,2.15
964,5,2.15
965,5,2.15
966,5,1.85
967,5,1.65
968,5,1.25
969,5,1.25
970,5,3.75
971,5,1.25
972,5,1.25
973,5,1.25
974,5,1.25
975,5,2.45
976,5,3.90
977,5,3.55
978,5,3.60
979,5,3.40
980,5,3.15
981,5,3.05
982,5,2.80
983,5,2.55
984,5,2.25
985,5,2.20
986,5,3.30
987,5,3.30
988,5,3.30
989,5,3.30
990,5,3.35
991,5,3.40
992,5,3.50
993,5,3.55
994,5,3.60
995,5,5.65
996,5,2.35
997,5,2.85
998,5,3.00
999,5,4.00
1000,5,4.40
1001,5,3.90
1002,5,4.10
1003,5,7.15
1004,5,4.30
1005,5,2.50
1006,5,2.95
1007,5,2.85
1008,5,2.70
1009,5,2.60
1010,5,2.55
1011,5,2.50
1012,5,2.40
1013,5,2.35
1014,5,2.35
1015,5,2.35
1016,5,2.15
1017,5,1.95
1018,5,1.65
1019,5,1.25
1020,5,1.25
1021,5,3.75
1022,5,1.25
1023,5,1.25
1024,5,1.70
1025,5,2.60
1026,5,4.10
1027,5,3.75
1028,5,3.80
1029,5,3.60
1030,5,3.35
1031,5,3.25
1032,5,3.00
1033,5,2.75
1034,5,2.40
1035,5,2.40
1036,5,3.50
1037,5,3.50
1038,5,3.50
1039,5,3.50
1040,5,3.55
1041,5,3.60
1042,5,3.70
1043,5,3.70
1044,5,3.80
1045,5,5.95
1046,5,1.25
1047,5,2.65
1048,5,2.80
1049,5,4.20
1050,5,4.60
1051,5,4.25
1052,5,4.40
1053,5,7.45
1054,5,4.60
1055,5,2.85
1056,5,3.30
1057,5,3.15
1058,5,3.05
1059,5,2.90
1060,5,2.90
1061,5,2.85
1062,5,2.75
1063,5,2.70
1064,5,2.70
1065,5,2.70
1066,5,2.50
1067,5,2.40
1068,5,2.15
1069,5,1.25
1070,5,1.25
1071,5,1.25
1072,5,3.75
1073,5,1.25
1074,5,2.20
1075,5,2.95
1076,5,4.40
1077,5,4.05
1078,5,4.10
1079,5,3.95
1080,5,3.65
1081,5,3.55
1082,5,3.35
1083,5,3.10
1084,5,2.75
1085,5,2.75
1086,5,3.80
1087,5,3.80
1088,5,3.80
1089,5,3.80
1090,5,3.85
1091,5,3.90
1092,5,4.00
1093,5,4.05
1094,5,4.15
1095,5,6.35
1096,5,1.25
1097,5,2.30
1098,5,2.50
1099,5,4.50
1100,5,4.95
1101,5,4.45
1102,5,4.65
1103,5,7.70
1104,5,4.85
1105,5,3.05
1106,5,3.50
1107,5,3.40
1108,5,3.25
1109,5,3.15
1110,5,3.10
1111,5,3.05
1112,5,2.95
1113,5,2.90
1114,5,2.90
1115,5,2.90
1116,5,2.75
1117,5,2.60
1118,5,2.40
1119,5,1.25
1120,5,1.25
1121,5,1.25
1122,5,1.25
1123,5,3.75
1124,5,2.45
1125,5,3.15
1126,5,4.65
1127,5,4.30
1128,5,4.35
1129,5,4.15
1130,5,3.90
1131,5,3.80
1132,5,3.55
1133,5,3.30
1134,5,2.95
1135,5,2.95
1136,5,4.05
1137,5,4.05
1138,5,4.05
1139,5,4.05
1140,5,4.10
1141,5,4.10
1142,5,4.20
1143,5,4.25
1144,5,4.35
1145,5,6.55
1146,5,1.25
1147,5,2.00
1148,5,2.25
1149,5,4.75
1150,5,5.15
1151,5,3.70
1152,5,3.90
1153,5,6.95
1154,5,4.10
1155,5,1.25
1156,5,2.75
1157,5,2.65
1158,5,2.50
1159,5,2.40
1160,5,2.35
1161,5,2.30
1162,5,2.20
1163,5,2.15
1164,5,2.15
1165,5,2.15
1166,5,1.85
1167,5,1.65
1168,5,1.25
1169,5,1.25
1170,5,1.25
1171,5,1.70
1172,5,2.20
1173,5,2.45
1174,5,3.75
1175,5,1.25
1176,5,3.90
1177,5,3.55
1178,5,3.60
1179,5,3.40
1180,5,3.15
1181,5,3.05
1182,5,2.80
1183,5,2.55
1184,5,2.20
1185,5,2.25
1186,5,3.30
1187,5,3.30
1188,5,3.30
1189,5,3.30
1190,5,3.35
1191,5,3.40
1192,5,3.50
1193,5,3.55
1194,5,3.60
1195,5,5.65
1196,5,2.70
1197,5,3.20
1198,5,3.35
1199,5,4.00
1200,5,4.40
1201,5,4.45
1202,5,4.60
1203,5,7.65
1204,5,4.85
1205,5,1.25
1206,5,3.50
1207,5,3.35
1208,5,3.25
1209,5,3.10
1210,5,3.10
1211,5,3.05
1212,5,2.95
1213,5,2.90
1214,5,2.90
1215,5,2.90
1216,5,2.70
1217,5,2.60
1218,5,2.40
1219,5,1.25
1220,5,2.45
1221,5,2.60
1222,5,2.95
1223,5,3.15
1224,5,1.25
1225,5,3.75
1226,5,4.60
1227,5,4.25
1228,5,4.30
1229,5,4.15
1230,5,3.85
1231,5,3.75
1232,5,3.55
1233,5,3.30
1234,5,2.95
1235,5,2.95
1236,5,4.05
1237,5,4.05
1238,5,4.05
1239,5,4.05
1240,5,4.10
1241,5,4.10
1242,5,4.20
1243,5,4.25
1244,5,4.35
1245,5,6.55
1246,5,3.45
1247,5,3.95
1248,5,4.10
1249,5,4.70
1250,5,5.15
1251,5,4.70
1252,5,4.90
1253,5,7.95
1254,5,5.10
1255,5,4.50
1256,5,3.55
1257,5,3.40
1258,5,3.30
1259,5,3.15
1260,5,3.15
1261,5,3.10
1262,5,3.10
1263,5,3.15
1264,5,3.15
1265,5,3.15
1266,5,3.25
1267,5,3.35
1268,5,3.55
1269,5,3.70
1270,5,3.90
1271,5,4.10
1272,5,4.40
1273,5,4.65
1274,5,3.90
1275,5,4.60
1276,5,3.75
1277,5,1.25
1278,5,4.60
1279,5,1.25
1280,5,1.25
1281,5,1.25
1282,5,2.40
1283,5,2.65
1284,5,3.00
1285,5,3.20
1286,5,4.30
1287,5,4.30
1288,5,4.30
1289,5,4.30
1290,5,4.35
1291,5,4.40
1292,5,4.50
1293,5,4.55
1294,5,4.60
1295,5,7.30
1296,5,4.90
1297,5,5.40
1298,5,5.55
1299,5,1.25
1300,5,1.25
1301,5,4.40
1302,5,4.55
1303,5,7.60
1304,5,4.75
1305,5,4.15
1306,5,3.20
1307,5,3.05
1308,5,2.95
1309,5,2.85
1310,5,2.80
1311,5,2.75
1312,5,2.75
1313,5,2.80
1314,5,2.80
1315,5,2.80
1316,5,2.90
1317,5,3.00
1318,5,3.20
1319,5,3.35
1320,5,3.55
1321,5,3.75
1322,5,4.05
1323,5,4.30
1324,5,3.55
1325,5,4.25
1326,5,1.25
1327,5,3.75
1328,5,4.25
1329,5,1.25
1330,5,1.25
1331,5,1.25
1332,5,2.00
1333,5,2.30
1334,5,2.70
1335,5,2.85
1336,5,3.95
1337,5,3.95
1338,5,3.95
1339,5,3.95
1340,5,4.00
1341,5,4.05
1342,5,4.15
1343,5,4.20
1344,5,4.25
1345,5,7.00
1346,5,4.55
1347,5,5.05
1348,5,5.20
1349,5,1.25
1350,5,2.20
1351,5,2.10
1352,5,2.10
1353,5,5.25
1354,5,2.45
1355,5,4.20
1356,5,3.35
1357,5,3.20
1358,5,3.10
1359,5,3.00
1360,5,2.95
1361,5,2.90
1362,5,2.80
1363,5,2.75
1364,5,2.75
1365,5,2.75
1366,5,2.95
1367,5,3.05
1368,5,3.25
1369,5,3.40
1370,5,3.60
1371,5,3.80
1372,5,4.10
1373,5,4.35
1374,5,3.60
1375,5,4.30
1376,5,4.60
1377,5,4.25
1378,5,3.75
1379,5,4.10
1380,5,3.85
1381,5,3.75
1382,5,3.50
1383,5,3.25
1384,5,2.90
1385,5,2.70
1386,5,2.35
1387,5,2.35
1388,5,2.35
1389,5,2.35
1390,5,2.25
1391,5,2.20
1392,5,2.10
1393,5,2.10
1394,5,2.10
1395,5,7.05
1396,5,4.60
1397,5,5.10
1398,5,5.25
1399,5,4.70
1400,5,5.10
1401,5,4.25
1402,5,4.40
1403,5,7.45
1404,5,4.65
1405,5,4.05
1406,5,3.05
1407,5,2.95
1408,5,2.80
1409,5,2.70
1410,5,2.65
1411,5,2.65
1412,5,2.65
1413,5,2.65
1414,5,2.65
1415,5,2.65
1416,5,2.75
1417,5,2.90
1418,5,3.05
1419,5,3.25
1420,5,3.40
1421,5,3.60
1422,5,3.95
1423,5,4.15
1424,5,3.40
1425,5,4.15
1426,5,1.25
1427,5,1.25
1428,5,4.10
1429,5,3.75
1430,5,1.25
1431,5,1.25
1432,5,1.25
1433,5,1.25
1434,5,2.55
1435,5,2.75
1436,5,3.85
1437,5,3.85
1438,5,3.85
1439,5,3.85
1440,5,3.90
1441,5,3.90
1442,5,4.00
1443,5,4.05
1444,5,4.15
1445,5,6.85
1446,5,4.45
1447,5,4.90
1448,5,5.10
1449,5,1.25
1450,5,2.35
1451,5,3.95
1452,5,4.15
1453,5,7.20
1454,5,4.35
1455,5,3.75
1456,5,2.80
1457,5,2.65
1458,5,2.55
1459,5,2.45
1460,5,2.40
1461,5,2.35
1462,5,2.35
1463,5,2.40
1464,5,2.40
1465,5,2.40
1466,5,2.50
1467,5,2.60
1468,5,2.80
1469,5,2.95
1470,5,3.15
1471,5,3.35
1472,5,3.65
1473,5,3.90
1474,5,3.15
1475,5,3.85
1476,5,1.25
1477,5,1.25
1478,5,3.85
1479,5,1.25
1480,5,3.75
1481,5,1.25
1482,5,1.25
1483,5,1.25
1484,5,2.25
1485,5,2.50
1486,5,3.55
1487,5,3.55
1488,5,3.55
1489,5,3.55
1490,5,3.60
1491,5,3.65
1492,5,3.75
1493,5,3.80
1494,5,3.85
1495,5,6.60
1496,5,4.15
1497,5,4.65
1498,5,4.80
1499,5,2.20
1500,5,2.60
1501,5,3.90
1502,5,4.05
1503,5,7.10
1504,5,4.25
1505,5,3.65
1506,5,2.70
1507,5,2.55
1508,5,2.45
1509,5,2.35
1510,5,2.30
1511,5,2.25
1512,5,2.25
1513,5,2.30
1514,5,2.30
1515,5,2.30
1516,5,2.40
1517,5,2.50
1518,5,2.70
1519,5,2.85
1520,5,3.05
1521,5,3.25
1522,5,3.55
1523,5,3.80
1524,5,3.05
1525,5,3.75
1526,5,1.25
1527,5,1.25
1528,5,3.75
1529,5,1.25
1530,5,1.25
1531,5,3.75
1532,5,1.25
1533,5,1.25
1534,5,2.10
1535,5,2.35
1536,5,3.45
1537,5,3.45
1538,5,3.45
1539,5,3.45
1540,5,3.50
1541,5,3.55
1542,5,3.65
1543,5,3.70
1544,5,3.75
1545,5,6.50
1546,5,4.05
1547,5,4.55
1548,5,4.70
1549,5,2.30
1550,5,2.70
1551,5,3.65
1552,5,3.80
1553,5,6.85
1554,5,4.05
1555,5,3.45
1556,5,2.45
1557,5,2.35
1558,5,2.20
1559,5,2.10
1560,5,2.05
1561,5,1.90
1562,5,1.90
1563,5,2.00
1564,5,2.00
1565,5,2.00
1566,5,2.15
1567,5,2.30
1568,5,2.50
1569,5,2.60
1570,5,2.80
1571,5,3.00
1572,5,3.35
1573,5,3.55
1574,5,2.80
1575,5,3.55
1576,5,2.40
1577,5,2.00
1578,5,3.50
1579,5,1.25
1580,5,1.25
1581,5,1.25
1582,5,3.75
1583,5,1.25
1584,5,1.75
1585,5,2.15
1586,5,3.25
1587,5,3.25
1588,5,3.25
1589,5,3.25
1590,5,3.25
1591,5,3.30
1592,5,3.40
1593,5,3.45
1594,5,3.55
1595,5,6.25
1596,5,3.85
1597,5,4.30
1598,5,4.45
1599,5,2.50
1600,5,2.95
1601,5,3.40
1602,5,3.55
1603,5,6.60
1604,5,3.80
1605,5,3.20
1606,5,2.20
1607,5,2.10
1608,5,1.90
1609,5,1.70
1610,5,1.60
1611,5,1.50
1612,5,1.25
1613,5,1.60
1614,5,1.60
1615,5,1.60
1616,5,1.80
1617,5,2.00
1618,5,2.20
1619,5,2.40
1620,5,2.55
1621,5,2.75
1622,5,3.10
1623,5,3.30
1624,5,2.55
1625,5,3.30
1626,5,2.65
1627,5,2.30
1628,5,3.25
1629,5,1.25
1630,5,1.25
1631,5,1.25
1632,5,1.25
1633,5,3.75
1634,5,1.25
1635,5,1.75
1636,5,2.95
1637,5,2.95
1638,5,2.95
1639,5,2.95
1640,5,3.00
1641,5,3.05
1642,5,3.15
1643,5,3.20
1644,5,3.30
1645,5,6.00
1646,5,3.60
1647,5,4.05
1648,5,4.20
1649,5,2.75
1650,5,3.20
1651,5,3.05
1652,5,3.20
1653,5,6.25
1654,5,3.40
1655,5,2.85
1656,5,1.75
1657,5,1.55
1658,5,1.40
1659,5,1.25
1660,5,1.25
1661,5,1.25
1662,5,1.25
1663,5,1.25
1664,5,1.25
1665,5,1.25
1666,5,1.30
1667,5,1.50
1668,5,1.80
1669,5,2.00
1670,5,2.25
1671,5,2.40
1672,5,2.75
1673,5,2.95
1674,5,2.20
1675,5,2.95
1676,5,3.00
1677,5,2.70
1678,5,2.90
1679,5,2.55
1680,5,2.25
1681,5,2.10
1682,5,1.75
1683,5,1.25
1684,5,3.75
1685,5,1.25
1686,5,2.55
1687,5,2.55
1688,5,2.55
1689,5,2.55
1690,5,2.65
1691,5,2.70
1692,5,2.80
1693,5,2.85
1694,5,2.90
1695,5,5.45
1696,5,3.25
1697,5,3.70
1698,5,3.90
1699,5,3.10
1700,5,3.55
1701,5,2.80
1702,5,3.00
1703,5,6.05
1704,5,3.20
1705,5,2.85
1706,5,2.00
1707,5,1.75
1708,5,1.60
1709,5,1.40
1710,5,1.30
1711,5,1.25
1712,5,1.25
1713,5,1.25
1714,5,1.25
1715,5,1.25
1716,5,1.25
1717,5,1.40
1718,5,1.75
1719,5,2.00
1720,5,2.20
1721,5,2.40
1722,5,2.75
1723,5,2.95
1724,5,2.25
1725,5,2.95
1726,5,3.20
1727,5,2.85
1728,5,2.70
1729,5,2.75
1730,5,2.50
1731,5,2.35
1732,5,2.15
1733,5,1.75
1734,5,1.25
1735,5,3.75
1736,5,2.10
1737,5,2.10
1738,5,2.10
1739,5,2.10
1740,5,2.25
1741,5,2.30
1742,5,2.50
1743,5,2.60
1744,5,2.70
1745,5,5.40
1746,5,3.25
1747,5,3.70
1748,5,3.90
1749,5,3.30
1750,5,3.75
1751,5,2.55
1752,5,2.85
1753,5,5.90
1754,5,3.05
1755,5,3.90
1756,5,3.05
1757,5,2.95
1758,5,2.85
1759,5,2.70
1760,5,2.65
1761,5,2.55
1762,5,2.40
1763,5,2.25
1764,5,2.25
1765,5,2.25
1766,5,2.55
1767,5,2.75
1768,5,2.95
1769,5,3.10
1770,5,3.30
1771,5,3.50
1772,5,3.80
1773,5,4.05
1774,5,3.30
1775,5,4.05
1776,5,4.30
1777,5,3.95
1778,5,2.35
1779,5,3.85
1780,5,3.55
1781,5,3.45
1782,5,3.25
1783,5,2.95
1784,5,2.55
1785,5,2.10
1786,5,3.75
1787,5,1.25
1788,5,1.25
1789,5,1.25
1790,5,1.25
1791,5,1.25
1792,5,1.25
1793,5,1.25
1794,5,2.15
1795,5,6.70
1796,5,4.35
1797,5,4.80
1798,5,4.95
1799,5,4.40
1800,5,4.80
1801,5,2.55
1802,5,2.85
1803,5,5.90
1804,5,3.05
1805,5,3.90
1806,5,3.05
1807,5,2.95
1808,5,2.85
1809,5,2.70
1810,5,2.65
1811,5,2.55
1812,5,2.40
1813,5,2.25
1814,5,2.25
1815,5,2.25
1816,5,2.55
1817,5,2.75
1818,5,2.95
1819,5,3.10
1820,5,3.30
1821,5,3.50
1822,5,3.80
1823,5,4.05
1824,5,3.30
1825,5,4.05
1826,5,4.30
1827,5,3.95
1828,5,2.35
1829,5,3.85
1830,5,3.55
1831,5,3.45
1832,5,3.25
1833,5,2.95
1834,5,2.55
1835,5,2.10
1836,5,1.25
1837,5,3.75
1838,5,1.25
1839,5,1.25
1840,5,1.25
1841,5,1.25
1842,5,1.25
1843,5,1.25
1844,5,2.15
1845,5,6.70
1846,5,4.35
1847,5,4.80
1848,5,4.95
1849,5,4.40
1850,5,4.80
1851,5,2.55
1852,5,2.85
1853,5,5.90
1854,5,3.05
1855,5,3.90
1856,5,3.05
1857,5,2.95
1858,5,2.85
1859,5,2.70
1860,5,2.65
1861,5,2.55
1862,5,2.40
1863,5,2.25
1864,5,2.25
1865,5,2.25
1866,5,2.55
1867,5,2.75
1868,5,2.95
1869,5,3.10
1870,5,3.30
1871,5,3.50
1872,5,3.80
1873,5,4.05
1874,5,3.30
1875,5,4.05
1876,5,4.30
1877,5,3.95
1878,5,2.35
1879,5,3.85
1880,5,3.55
1881,5,3.45
1882,5,3.25
1883,5,2.95
1884,5,2.55
1885,5,2.10
1886,5,1.25
1887,5,1.25
1888,5,3.75
1889,5,1.25
1890,5,1.25
1891,5,1.25
1892,5,1.25
1893,5,1.25
1894,5,2.15
1895,5,6.70
1896,5,4.35
1897,5,4.80
1898,5,4.95
1899,5,4.40
1900,5,4.80
1901,5,2.55
1902,5,2.85
1903,5,5.90
1904,5,3.05
1905,5,3.90
1906,5,3.05
1907,5,2.95
1908,5,2.85
1909,5,2.70
1910,5,2.65
1911,5,2.55
1912,5,2.40
1913,5,2.25
1914,5,2.25
1915,5,2.25
1916,5,2.55
1917,5,2.75
1918,5,2.95
1919,5,3.10
1920,5,3.30
1921,5,3.50
1922,5,3.80
1923,5,4.05
1924,5,3.30
1925,5,4.05
1926,5,4.30
1927,5,3.95
1928,5,2.35
1929,5,3.85
1930,5,3.55
1931,5,3.45
1932,5,3.25
1933,5,2.95
1934,5,2.55
1935,5,2.10
1936,5,1.25
1937,5,1.25
1938,5,1.25
1939,5,3.75
1940,5,1.25
1941,5,1.25
1942,5,1.25
1943,5,1.25
1944,5,2.15
1945,5,6.70
1946,5,4.35
1947,5,4.80
1948,5,4.95
1949,5,4.40
1950,5,4.80
1951,5,2.45
1952,5,2.70
1953,5,5.85
1954,5,3.00
1955,5,3.95
1956,5,3.10
1957,5,3.00
1958,5,2.85
1959,5,2.75
1960,5,2.70
1961,5,2.65
1962,5,2.50
1963,5,2.35
1964,5,2.35
1965,5,2.35
1966,5,2.65
1967,5,2.80
1968,5,3.00
1969,5,3.15
1970,5,3.35
1971,5,3.55
1972,5,3.85
1973,5,4.10
1974,5,3.35
1975,5,4.10
1976,5,4.35
1977,5,4.00
1978,5,2.25
1979,5,3.90
1980,5,3.60
1981,5,3.50
1982,5,3.25
1983,5,3.00
1984,5,2.65
1985,5,2.25
1986,5,1.25
1987,5,1.25
1988,5,1.25
1989,5,1.25
1990,5,3.75
1991,5,1.25
1992,5,1.25
1993,5,1.25
1994,5,2.00
1995,5,6.80
1996,5,4.35
1997,5,4.85
1998,5,5.00
1999,5,4.45
2000,5,4.85
2001,5,2.40
2002,5,2.65
2003,5,5.80
2004,5,3.00
2005,5,4.00
2006,5,3.15
2007,5,3.00
2008,5,2.90
2009,5,2.80
2010,5,2.75
2011,5,2.70
2012,5,2.55
2013,5,2.45
2014,5,2.45
2015,5,2.45
2016,5,2.75
2017,5,2.85
2018,5,3.05
2019,5,3.20
2020,5,3.40
2021,5,3.60
2022,5,3.90
2023,5,4.10
2024,5,3.40
2025,5,4.10
2026,5,4.40
2027,5,4.05
2028,5,2.20
2029,5,3.90
2030,5,3.65
2031,5,3.55
2032,5,3.30
2033,5,3.05
2034,5,2.70
2035,5,2.30
2036,5,1.25
2037,5,1.25
2038,5,1.25
2039,5,1.25
2040,5,1.25
2041,5,3.75
2042,5,1.25
2043,5,1.25
2044,5,2.00
2045,5,6.80
2046,5,4.40
2047,5,4.90
2048,5,5.05
2049,5,4.50
2050,5,4.90
2051,5,2.20
2052,5,2.50
2053,5,5.60
2054,5,2.80
2055,5,4.10
2056,5,3.25
2057,5,3.10
2058,5,3.00
2059,5,2.90
2060,5,2.85
2061,5,2.80
2062,5,2.70
2063,5,2.60
2064,5,2.60
2065,5,2.60
2066,5,2.80
2067,5,2.95
2068,5,3.15
2069,5,3.30
2070,5,3.50
2071,5,3.70
2072,5,4.00
2073,5,4.20
2074,5,3.50
2075,5,4.20
2076,5,4.50
2077,5,4.15
2078,5,2.10
2079,5,4.00
2080,5,3.75
2081,5,3.65
2082,5,3.40
2083,5,3.15
2084,5,2.80
2085,5,2.50
2086,5,1.25
2087,5,1.25
2088,5,1.25
2089,5,1.25
2090,5,1.25
2091,5,1.25
2092,5,3.75
2093,5,1.25
2094,5,2.00
2095,5,6.90
2096,5,4.50
2097,5,5.00
2098,5,5.15
2099,5,4.60
2100,5,5.00
2101,5,2.10
2102,5,2.40
2103,5,5.55
2104,5,2.75
2105,5,4.15
2106,5,3.30
2107,5,3.15
2108,5,3.05
2109,5,2.90
2110,5,2.90
2111,5,2.85
2112,5,2.75
2113,5,2.70
2114,5,2.70
2115,5,2.70
2116,5,2.85
2117,5,3.00
2118,5,3.20
2119,5,3.35
2120,5,3.55
2121,5,3.70
2122,5,4.05
2123,5,4.25
2124,5,3.55
2125,5,4.25
2126,5,4.55
2127,5,4.20
2128,5,2.10
2129,5,4.05
2130,5,3.80
2131,5,3.70
2132,5,3.45
2133,5,3.20
2134,5,2.85
2135,5,2.60
2136,5,1.25
2137,5,1.25
2138,5,1.25
2139,5,1.25
2140,5,1.25
2141,5,1.25
2142,5,1.25
2143,5,3.75
2144,5,2.00
2145,5,6.95
2146,5,4.55
2147,5,5.05
2148,5,5.20
2149,5,4.65
2150,5,5.05
2151,5,2.10
2152,5,2.10
2153,5,5.40
2154,5,2.60
2155,5,4.25
2156,5,3.40
2157,5,3.25
2158,5,3.15
2159,5,3.00
2160,5,2.95
2161,5,2.90
2162,5,2.85
2163,5,2.75
2164,5,2.75
2165,5,2.75
2166,5,2.95
2167,5,3.10
2168,5,3.25
2169,5,3.45
2170,5,3.60
2171,5,3.80
2172,5,4.15
2173,5,4.35
2174,5,3.60
2175,5,4.35
2176,5,4.60
2177,5,4.25
2178,5,2.10
2179,5,4.15
2180,5,3.85
2181,5,3.75
2182,5,3.55
2183,5,3.30
2184,5,2.90
2185,5,2.70
2186,5,2.15
2187,5,2.15
2188,5,2.15
2189,5,2.15
2190,5,2.00
2191,5,2.00
2192,5,2.00
2193,5,2.00
2194,5,3.75
2195,5,7.05
2196,5,4.65
2197,5,5.10
2198,5,5.25
2199,5,4.70
2200,5,5.15
2201,5,7.15
2202,5,7.30
2203,5,10.35
2204,5,7.55
2205,5,6.45
2206,5,6.20
2207,5,6.05
2208,5,5.95
2209,5,5.75
2210,5,5.65
2211,5,5.55
2212,5,5.40
2213,5,5.25
2214,5,5.25
2215,5,5.25
2216,5,5.25
2217,5,3.95
2218,5,5.25
2219,5,5.25
2220,5,5.65
2221,5,5.95
2222,5,6.35
2223,5,6.55
2224,5,5.65
2225,5,6.55
2226,5,7.30
2227,5,7.00
2228,5,7.05
2229,5,6.85
2230,5,6.60
2231,5,6.50
2232,5,6.25
2233,5,6.00
2234,5,5.45
2235,5,5.40
2236,5,6.70
2237,5,6.70
2238,5,6.70
2239,5,6.70
2240,5,6.80
2241,5,6.80
2242,5,6.90
2243,5,6.95
2244,5,7.05
2245,5,3.75
2246,5,6.85
2247,5,7.35
2248,5,7.50
2249,5,7.45
2250,5,7.85
2251,5,4.75
2252,5,4.90
2253,5,7.95
2254,5,5.15
2255,5,3.35
2256,5,3.80
2257,5,3.65
2258,5,3.55
2259,5,3.40
2260,5,3.40
2261,5,3.35
2262,5,3.25
2263,5,3.20
2264,5,3.20
2265,5,3.20
2266,5,3.00
2267,5,2.90
2268,5,2.70
2269,5,2.55
2270,5,2.35
2271,5,1.25
2272,5,1.25
2273,5,1.25
2274,5,2.70
2275,5,3.45
2276,5,4.90
2277,5,4.55
2278,5,4.60
2279,5,4.45
2280,5,4.15
2281,5,4.05
2282,5,3.85
2283,5,3.60
2284,5,3.25
2285,5,3.25
2286,5,4.35
2287,5,4.35
2288,5,4.35
2289,5,4.35
2290,5,4.35
2291,5,4.40
2292,5,4.50
2293,5,4.55
2294,5,4.65
2295,5,6.85
2296,5,3.75
2297,5,1.55
2298,5,1.80
2299,5,5.00
2300,5,5.45
2301,5,5.20
2302,5,5.40
2303,5,8.45
2304,5,5.60
2305,5,3.80
2306,5,4.25
2307,5,4.15
2308,5,4.00
2309,5,3.90
2310,5,3.85
2311,5,3.80
2312,5,3.70
2313,5,3.65
2314,5,3.65
2315,5,3.65
2316,5,3.50
2317,5,3.35
2318,5,3.15
2319,5,3.00
2320,5,2.85
2321,5,2.65
2322,5,2.30
2323,5,2.00
2324,5,3.20
2325,5,3.95
2326,5,5.40
2327,5,5.05
2328,5,5.10
2329,5,4.90
2330,5,4.65
2331,5,4.55
2332,5,4.30
2333,5,4.05
2334,5,3.70
2335,5,3.70
2336,5,4.80
2337,5,4.80
2338,5,4.80
2339,5,4.80
2340,5,4.85
2341,5,4.90
2342,5,5.00
2343,5,5.05
2344,5,5.10
2345,5,7.35
2346,5,1.55
2347,5,3.75
2348,5,1.25
2349,5,5.50
2350,5,5.90
2351,5,5.40
2352,5,5.55
2353,5,8.60
2354,5,5.75
2355,5,4.00
2356,5,4.45
2357,5,4.30
2358,5,4.20
2359,5,4.05
2360,5,4.05
2361,5,3.95
2362,5,3.90
2363,5,3.85
2364,5,3.85
2365,5,3.85
2366,5,3.65
2367,5,3.50
2368,5,3.35
2369,5,3.20
2370,5,3.00
2371,5,2.80
2372,5,2.50
2373,5,2.25
2374,5,3.35
2375,5,4.10
2376,5,5.55
2377,5,5.20
2378,5,5.25
2379,5,5.10
2380,5,4.80
2381,5,4.70
2382,5,4.45
2383,5,4.20
2384,5,3.90
2385,5,3.90
2386,5,4.95
2387,5,4.95
2388,5,4.95
2389,5,4.95
2390,5,5.00
2391,5,5.05
2392,5,5.15
2393,5,5.20
2394,5,5.25
2395,5,7.50
2396,5,1.80
2397,5,1.25
2398,5,3.75
2399,5,5.65
2400,5,6.05
2401,5,4.80
2402,5,5.00
2403,5,8.05
2404,5,5.20
2405,5,4.60
2406,5,3.65
2407,5,3.50
2408,5,3.40
2409,5,3.25
2410,5,3.25
2411,5,3.20
2412,5,3.20
2413,5,3.25
2414,5,3.25
2415,5,3.25
2416,5,3.35
2417,5,3.45
2418,5,3.65
2419,5,3.80
2420,5,4.00
2421,5,4.20
2422,5,4.50
2423,5,4.75
2424,5,4.00
2425,5,4.70
2426,5,1.25
2427,5,1.25
2428,5,4.70
2429,5,1.25
2430,5,2.20
2431,5,2.30
2432,5,2.50
2433,5,2.75
2434,5,3.10
2435,5,3.30
2436,5,4.40
2437,5,4.40
2438,5,4.40
2439,5,4.40
2440,5,4.45
2441,5,4.50
2442,5,4.60
2443,5,4.65
2444,5,4.70
2445,5,7.45
2446,5,5.00
2447,5,5.50
2448,5,5.65
2449,5,3.75
2450,5,1.25
2451,5,5.25
2452,5,5.40
2453,5,8.45
2454,5,5.65
2455,5,5.05
2456,5,4.05
2457,5,3.90
2458,5,3.80
2459,5,3.70
2460,5,3.65
2461,5,3.65
2462,5,3.65
2463,5,3.65
2464,5,3.65
2465,5,3.65
2466,5,3.75
2467,5,3.90
2468,5,4.05
2469,5,4.20
2470,5,4.40
2471,5,4.60
2472,5,4.95
2473,5,5.15
2474,5,4.40
2475,5,5.15
2476,5,1.25
2477,5,2.20
2478,5,5.10
2479,5,2.35
2480,5,2.60
2481,5,2.70
2482,5,2.95
2483,5,3.20
2484,5,3.55
2485,5,3.75
2486,5,4.80
2487,5,4.80
2488,5,4.80
2489,5,4.80
2490,5,4.85
2491,5,4.90
2492,5,5.00
2493,5,5.05
2494,5,5.15
2495,5,7.85
2496,5,5.45
2497,5,5.90
2498,5,6.05
2499,5,1.25
2500,5,3.75
1,2,2.80
2,2,1.55
3,2,3.75
4,2,1.55
5,2,3.25
6,2,2.60
7,2,2.50
8,2,2.40
9,2,2.30
10,2,2.30
11,2,2.25
12,2,2.20
13,2,2.15
14,2,2.15
15,2,2.15
16,2,2.30
17,2,2.40
18,2,2.50
19,2,2.65
20,2,2.75
21,2,2.90
22,2,3.15
23,2,3.35
24,2,2.75
25,2,3.30
26,2,3.50
27,2,3.30
28,2,1.55
29,2,3.15
30,2,2.95
31,2,2.90
32,2,2.70
33,2,2.55
34,2,2.25
35,2,2.10
36,2,1.90
37,2,1.90
38,2,1.90
39,2,1.90
40,2,1.85
41,2,1.80
42,2,1.65
43,2,1.55
44,2,1.55
45,2,5.35
46,2,3.55
47,2,3.90
48,2,4.05
49,2,3.60
50,2,3.90
51,2,1.55
52,2,2.80
53,2,3.75
54,2,1.55
55,2,3.35
56,2,2.75
57,2,2.60
58,2,2.55
59,2,2.45
60,2,2.40
61,2,2.40
62,2,2.30
63,2,2.25
64,2,2.25
65,2,2.25
66,2,2.40
67,2,2.50
68,2,2.65
69,2,2.75
70,2,2.90
71,2,3.05
72,2,3.30
73,2,3.45
74,2,2.90
75,2,3.45
76,2,3.65
77,2,3.40
78,2,1.55
79,2,3.30
80,2,3.10
81,2,3.00
82,2,2.85
83,2,2.65
84,2,2.40
85,2,2.25
86,2,2.10
87,2,2.10
88,2,2.10
89,2,2.10
90,2,2.00
91,2,1.95
92,2,1.85
93,2,1.80
94,2,1.55
95,2,5.45
96,2,3.65
97,2,4.05
98,2,4.15
99,2,3.75
100,2,4.05
101,2,3.75
102,2,3.75
103,2,2.80
104,2,2.15
105,2,5.65
106,2,5.00
107,2,4.90
108,2,4.85
109,2,4.75
110,2,4.70
111,2,4.65
112,2,4.60
113,2,4.55
114,2,4.55
115,2,4.55
116,2,4.70
117,2,4.80
118,2,4.95
119,2,5.05
120,2,5.20
121,2,5.35
122,2,5.60
123,2,5.75
124,2,5.20
125,2,5.75
126,2,5.95
127,2,5.70
128,2,3.90
129,2,5.60
130,2,5.40
131,2,5.30
132,2,5.15
133,2,4.95
134,2,4.70
135,2,4.50
136,2,4.40
137,2,4.40
138,2,4.40
139,2,4.40
140,2,4.35
141,2,4.35
142,2,4.20
143,2,4.15
144,2,4.05
145,2,7.75
146,2,5.95
147,2,6.30
148,2,6.45
149,2,6.00
150,2,6.35
151,2,1.55
152,2,1.55
153,2,2.15
154,2,2.80
155,2,3.50
156,2,2.90
157,2,2.80
158,2,2.70
159,2,2.60
160,2,2.60
161,2,2.55
162,2,2.50
163,2,2.45
164,2,2.45
165,2,2.45
166,2,2.55
167,2,2.65
168,2,2.80
169,2,2.90
170,2,3.05
171,2,3.20
172,2,3.45
173,2,3.60
174,2,3.05
175,2,3.60
176,2,3.80
177,2,3.55
178,2,1.80
179,2,3.45
180,2,3.25
181,2,3.20
182,2,3.00
183,2,2.85
184,2,2.55
185,2,2.40
186,2,2.30
187,2,2.30
188,2,2.30
189,2,2.30
190,2,2.25
191,2,2.25
192,2,2.10
193,2,2.05
194,2,1.95
195,2,5.65
196,2,3.85
197,2,4.20
198,2,4.30
199,2,3.90
200,2,4.20
201,2,3.25
202,2,3.35
203,2,5.65
204,2,3.50
205,2,2.80
206,2,2.55
207,2,2.40
208,2,2.35
209,2,2.25
210,2,2.25
211,2,2.20
212,2,2.10
213,2,2.10
214,2,2.10
215,2,2.10
216,2,1.95
217,2,1.85
218,2,1.70
219,2,0.95
220,2,1.70
221,2,1.85
222,2,2.10
223,2,2.30
224,2,0.95
225,2,0.95
226,2,3.35
227,2,3.10
228,2,3.15
229,2,3.00
230,2,2.80
231,2,2.75
232,2,2.55
233,2,2.40
234,2,2.10
235,2,2.10
236,2,2.90
237,2,2.90
238,2,2.90
239,2,2.90
240,2,2.95
241,2,3.00
242,2,3.05
243,2,3.10
244,2,3.15
245,2,4.80
246,2,2.50
247,2,2.85
248,2,3.00
249,2,3.45
250,2,3.75
251,2,2.60
252,2,2.75
253,2,5.00
254,2,2.90
255,2,2.55
256,2,2.80
257,2,0.95
258,2,0.95
259,2,0.95
260,2,0.95
261,2,0.95
262,2,1.30
263,2,1.40
264,2,1.40
265,2,1.40
266,2,1.55
267,2,1.65
268,2,1.80
269,2,1.95
270,2,2.05
271,2,2.20
272,2,2.45
273,2,2.60
274,2,2.05
275,2,2.60
276,2,2.65
277,2,2.40
278,2,2.50
279,2,2.30
280,2,2.10
281,2,2.00
282,2,1.85
283,2,1.65
284,2,1.30
285,2,1.50
286,2,2.30
287,2,2.30
288,2,2.30
289,2,2.30
290,2,2.30
291,2,2.35
292,2,2.40
293,2,2.45
294,2,2.55
295,2,4.65
296,2,2.85
297,2,3.20
298,2,3.30
299,2,2.70
300,2,3.05
301,2,2.50
302,2,2.60
303,2,4.90
304,2,2.80
305,2,2.40
306,2,0.95
307,2,2.80
308,2,0.95
309,2,0.95
310,2,0.95
311,2,0.95
312,2,1.10
313,2,1.25
314,2,1.25
315,2,1.25
316,2,1.45
317,2,1.55
318,2,1.70
319,2,1.80
320,2,1.95
321,2,2.10
322,2,2.35
323,2,2.55
324,2,1.95
325,2,2.50
326,2,2.55
327,2,2.30
328,2,2.40
329,2,2.20
330,2,2.00
331,2,1.90
332,2,1.75
333,2,1.55
334,2,1.15
335,2,1.30
336,2,2.20
337,2,2.20
338,2,2.20
339,2,2.20
340,2,2.25
341,2,2.25
342,2,2.30
343,2,2.35
344,2,2.40
345,2,4.55
346,2,2.75
347,2,3.10
348,2,3.20
349,2,2.60
350,2,2.90
351,2,2.40
352,2,2.55
353,2,4.85
354,2,2.70
355,2,2.35
356,2,0.95
357,2,0.95
358,2,2.80
359,2,0.95
360,2,0.95
361,2,0.95
362,2,1.00
363,2,1.10
364,2,1.10
365,2,1.10
366,2,1.35
367,2,1.50
368,2,1.65
369,2,1.75
370,2,1.85
371,2,2.00
372,2,2.25
373,2,2.45
374,2,1.85
375,2,2.40
376,2,2.45
377,2,2.20
378,2,2.30
379,2,2.10
380,2,1.90
381,2,1.85
382,2,1.65
383,2,1.40
384,2,1.05
385,2,1.20
386,2,2.10
387,2,2.10
388,2,2.10
389,2,2.10
390,2,2.15
391,2,2.15
392,2,2.25
393,2,2.25
394,2,2.35
395,2,4.45
396,2,2.65
397,2,3.00
398,2,3.15
399,2,2.55
400,2,2.85
401,2,2.30
402,2,2.45
403,2,4.75
404,2,2.60
405,2,2.25
406,2,0.95
407,2,0.95
408,2,0.95
409,2,2.80
410,2,0.95
411,2,0.95
412,2,0.95
413,2,0.95
414,2,0.95
415,2,0.95
416,2,1.15
417,2,1.35
418,2,1.55
419,2,1.65
420,2,1.80
421,2,1.95
422,2,2.15
423,2,2.35
424,2,1.80
425,2,2.30
426,2,2.35
427,2,2.10
428,2,2.25
429,2,2.00
430,2,1.80
431,2,1.75
432,2,1.55
433,2,1.25
434,2,0.95
435,2,1.05
436,2,2.00
437,2,2.00
438,2,2.00
439,2,2.00
440,2,2.05
441,2,2.10
442,2,2.15
443,2,2.15
444,2,2.25
445,2,4.30
446,2,2.55
447,2,2.90
448,2,3.05
449,2,2.45
450,2,2.75
451,2,2.30
452,2,2.40
453,2,4.70
454,2,2.60
455,2,2.25
456,2,0.95
457,2,0.95
458,2,0.95
459,2,0.95
460,2,2.80
461,2,0.95
462,2,0.95
463,2,0.95
464,2,0.95
465,2,0.95
466,2,1.10
467,2,1.25
468,2,1.50
469,2,1.65
470,2,1.75
471,2,1.90
472,2,2.15
473,2,2.30
474,2,1.75
475,2,2.30
476,2,2.35
477,2,2.10
478,2,2.20
479,2,2.00
480,2,1.80
481,2,1.70
482,2,1.50
483,2,1.20
484,2,0.95
485,2,0.95
486,2,1.95
487,2,1.95
488,2,1.95
489,2,1.95
490,2,2.00
491,2,2.05
492,2,2.10
493,2,2.15
494,2,2.20
495,2,4.25
496,2,2.55
497,2,2.90
498,2,3.00
499,2,2.40
500,2,2.75
501,2,2.25
502,2,2.40
503,2,4.65
504,2,2.55
505,2,2.20
506,2,0.95
507,2,0.95
508,2,0.95
509,2,0.95
510,2,0.95
511,2,2.80
512,2,0.95
513,2,0.95
514,2,0.95
515,2,0.95
516,2,1.05
517,2,1.20
518,2,1.40
519,2,1.55
520,2,1.70
521,2,1.85
522,2,2.10
523,2,2.25
524,2,1.70
525,2,2.25
526,2,2.30
527,2,2.05
528,2,2.15
529,2,1.95
530,2,1.75
531,2,1.65
532,2,1.40
533,2,1.10
534,2,0.95
535,2,0.95
536,2,1.90
537,2,1.90
538,2,1.90
539,2,1.90
540,2,2.00
541,2,2.00
542,2,2.10
543,2,2.10
544,2,2.15
545,2,4.15
546,2,2.50
547,2,2.85
548,2,2.95
549,2,2.40
550,2,2.70
551,2,2.20
552,2,2.30
553,2,4.60
554,2,2.50
555,2,2.10
556,2,1.30
557,2,1.10
558,2,1.00
559,2,0.95
560,2,0.95
561,2,0.95
562,2,2.80
563,2,0.95
564,2,0.95
565,2,0.95
566,2,0.95
567,2,1.10
568,2,1.30
569,2,1.50
570,2,1.65
571,2,1.80
572,2,2.05
573,2,2.20
574,2,1.65
575,2,2.20
576,2,2.30
577,2,2.05
578,2,2.10
579,2,1.95
580,2,1.75
581,2,1.65
582,2,1.40
583,2,0.95
584,2,0.95
585,2,0.95
586,2,1.80
587,2,1.80
588,2,1.80
589,2,1.80
590,2,1.85
591,2,1.90
592,2,2.00
593,2,2.05
594,2,2.10
595,2,4.05
596,2,2.40
597,2,2.75
598,2,2.90
599,2,2.40
600,2,2.70
601,2,2.15
602,2,2.25
603,2,4.55
604,2,2.45
605,2,2.10
606,2,1.40
607,2,1.25
608,2,1.10
609,2,0.95
610,2,0.95
611,2,0.95
612,2,0.95
613,2,2.80
614,2,0.95
615,2,0.95
616,2,0.95
617,2,0.95
618,2,1.20
619,2,1.40
620,2,1.60
621,2,1.75
622,2,2.00
623,2,2.15
624,2,1.60
625,2,2.15
626,2,2.35
627,2,2.10
628,2,2.05
629,2,2.00
630,2,1.80
631,2,1.70
632,2,1.50
633,2,1.20
634,2,0.95
635,2,0.95
636,2,1.65
637,2,1.65
638,2,1.65
639,2,1.65
640,2,1.75
641,2,1.80
642,2,1.95
643,2,2.00
644,2,2.05
645,2,3.90
646,2,2.40
647,2,2.75
648,2,2.85
649,2,2.40
650,2,2.70
651,2,2.15
652,2,2.25
653,2,4.55
654,2,2.45
655,2,2.10
656,2,1.40
657,2,1.25
658,2,1.10
659,2,0.95
660,2,0.95
661,2,0.95
662,2,0.95
663,2,0.95
664,2,2.80
665,2,0.95
666,2,0.95
667,2,0.95
668,2,1.20
669,2,1.40
670,2,1.60
671,2,1.75
672,2,2.00
673,2,2.15
674,2,1.60
675,2,2.15
676,2,2.35
677,2,2.10
678,2,2.05
679,2,2.00
680,2,1.80
681,2,1.70
682,2,1.50
683,2,1.20
684,2,0.95
685,2,0.95
686,2,1.65
687,2,1.65
688,2,1.65
689,2,1.65
690,2,1.75
691,2,1.80
692,2,1.95
693,2,2.00
694,2,2.05
695,2,3.90
696,2,2.40
697,2,2.75
698,2,2.85
699,2,2.40
700,2,2.70
701,2,2.15
702,2,2.25
703,2,4.55
704,2,2.45
705,2,2.10
706,2,1.40
707,2,1.25
708,2,1.10
709,2,0.95
710,2,0.95
711,2,0.95
712,2,0.95
713,2,0.95
714,2,0.95
715,2,2.80
716,2,0.95
717,2,0.95
718,2,1.20
719,2,1.40
720,2,1.60
721,2,1.75
722,2,2.00
723,2,2.15
724,2,1.60
725,2,2.15
726,2,2.35
727,2,2.10
728,2,2.05
729,2,2.00
730,2,1.80
731,2,1.70
732,2,1.50
733,2,1.20
734,2,0.95
735,2,0.95
736,2,1.65
737,2,1.65
738,2,1.65
739,2,1.65
740,2,1.75
741,2,1.80
742,2,1.95
743,2,2.00
744,2,2.05
745,2,3.90
746,2,2.40
747,2,2.75
748,2,2.85
749,2,2.40
750,2,2.70
751,2,2.30
752,2,2.40
753,2,4.70
754,2,2.55
755,2,1.95
756,2,1.55
757,2,1.45
758,2,1.35
759,2,1.15
760,2,1.10
761,2,1.05
762,2,0.95
763,2,0.95
764,2,0.95
765,2,0.95
766,2,2.80
767,2,0.95
768,2,0.95
769,2,1.15
770,2,1.40
771,2,1.60
772,2,1.85
773,2,2.05
774,2,1.40
775,2,2.00
776,2,2.40
777,2,2.15
778,2,2.20
779,2,2.05
780,2,1.85
781,2,1.80
782,2,1.60
783,2,1.35
784,2,0.95
785,2,0.95
786,2,1.90
787,2,1.90
788,2,1.90
789,2,1.90
790,2,2.00
791,2,2.05
792,2,2.10
793,2,2.15
794,2,2.20
795,2,3.90
796,2,2.25
797,2,2.60
798,2,2.75
799,2,2.50
800,2,2.80
801,2,2.40
802,2,2.50
803,2,4.80
804,2,2.65
805,2,1.85
806,2,1.65
807,2,1.55
808,2,1.50
809,2,1.35
810,2,1.25
811,2,1.20
812,2,1.10
813,2,0.95
814,2,0.95
815,2,0.95
816,2,0.95
817,2,2.80
818,2,0.95
819,2,0.95
820,2,1.25
821,2,1.45
822,2,1.80
823,2,1.95
824,2,1.25
825,2,1.95
826,2,2.50
827,2,2.25
828,2,2.30
829,2,2.15
830,2,1.95
831,2,1.85
832,2,1.70
833,2,1.50
834,2,1.10
835,2,1.05
836,2,2.05
837,2,2.05
838,2,2.05
839,2,2.05
840,2,2.10
841,2,2.15
842,2,2.20
843,2,2.25
844,2,2.30
845,2,2.95
846,2,2.15
847,2,2.50
848,2,2.60
849,2,2.60
850,2,2.90
851,2,2.50
852,2,2.65
853,2,4.95
854,2,2.80
855,2,1.70
856,2,1.80
857,2,1.70
858,2,1.65
859,2,1.55
860,2,1.50
861,2,1.40
862,2,1.30
863,2,1.20
864,2,1.20
865,2,1.20
866,2,0.95
867,2,0.95
868,2,2.80
869,2,0.95
870,2,0.95
871,2,1.25
872,2,1.60
873,2,1.80
874,2,0.95
875,2,1.80
876,2,2.65
877,2,2.40
878,2,2.45
879,2,2.30
880,2,2.10
881,2,2.00
882,2,1.85
883,2,1.65
884,2,1.35
885,2,1.30
886,2,2.20
887,2,2.20
888,2,2.20
889,2,2.20
890,2,2.25
891,2,2.25
892,2,2.35
893,2,2.40
894,2,2.45
895,2,3.90
896,2,2.00
897,2,2.35
898,2,2.50
899,2,2.75
900,2,3.05
901,2,2.65
902,2,2.75
903,2,5.05
904,2,2.90
905,2,0.95
906,2,1.95
907,2,1.80
908,2,1.75
909,2,1.65
910,2,1.65
911,2,1.55
912,2,1.50
913,2,1.40
914,2,1.40
915,2,1.40
916,2,1.15
917,2,0.95
918,2,0.95
919,2,2.80
920,2,0.95
921,2,0.95
922,2,0.95
923,2,0.95
924,2,0.95
925,2,0.95
926,2,2.75
927,2,2.50
928,2,2.55
929,2,2.40
930,2,2.20
931,2,2.15
932,2,1.95
933,2,1.80
934,2,1.50
935,2,1.50
936,2,2.30
937,2,2.30
938,2,2.30
939,2,2.30
940,2,2.35
941,2,2.40
942,2,2.45
943,2,2.50
944,2,2.55
945,2,3.90
946,2,1.90
947,2,2.25
948,2,2.40
949,2,2.85
950,2,3.15
951,2,2.75
952,2,2.90
953,2,5.20
954,2,3.05
955,2,1.70
956,2,2.05
957,2,1.95
958,2,1.85
959,2,1.80
960,2,1.75
961,2,1.70
962,2,1.65
963,2,1.60
964,2,1.60
965,2,1.60
966,2,1.40
967,2,1.25
968,2,0.95
969,2,0.95
970,2,2.80
971,2,0.95
972,2,0.95
973,2,0.95
974,2,0.95
975,2,1.80
976,2,2.90
977,2,2.65
978,2,2.70
979,2,2.55
980,2,2.35
981,2,2.30
982,2,2.10
983,2,1.90
984,2,1.65
985,2,1.65
986,2,2.45
987,2,2.45
988,2,2.45
989,2,2.45
990,2,2.50
991,2,2.55
992,2,2.60
993,2,2.65
994,2,2.70
995,2,4.20
996,2,1.75
997,2,2.10
998,2,2.25
999,2,3.00
1000,2,3.30
1001,2,2.90
1002,2,3.05
1003,2,5.35
1004,2,3.20
1005,2,1.85
1006,2,2.20
1007,2,2.10
1008,2,2.00
1009,2,1.95
1010,2,1.90
1011,2,1.85
1012,2,1.80
1013,2,1.75
1014,2,1.75
1015,2,1.75
1016,2,1.60
1017,2,1.45
1018,2,1.25
1019,2,0.95
1020,2,0.95
1021,2,2.80
1022,2,0.95
1023,2,0.95
1024,2,1.25
1025,2,1.95
1026,2,3.05
1027,2,2.80
1028,2,2.85
1029,2,2.70
1030,2,2.50
1031,2,2.40
1032,2,2.25
1033,2,2.05
1034,2,1.80
1035,2,1.80
1036,2,2.60
1037,2,2.60
1038,2,2.60
1039,2,2.60
1040,2,2.65
1041,2,2.70
1042,2,2.75
1043,2,2.75
1044,2,2.85
1045,2,4.45
1046,2,0.95
1047,2,1.95
1048,2,2.10
1049,2,3.15
1050,2,3.45
1051,2,3.15
1052,2,3.30
1053,2,5.60
1054,2,3.45
1055,2,2.10
1056,2,2.45
1057,2,2.35
1058,2,2.25
1059,2,2.15
1060,2,2.15
1061,2,2.10
1062,2,2.05
1063,2,2.00
1064,2,2.00
1065,2,2.00
1066,2,1.85
1067,2,1.80
1068,2,1.60
1069,2,0.95
1070,2,0.95
1071,2,0.95
1072,2,2.80
1073,2,0.95
1074,2,1.65
1075,2,2.20
1076,2,3.30
1077,2,3.05
1078,2,3.05
1079,2,2.95
1080,2,2.75
1081,2,2.65
1082,2,2.50
1083,2,2.30
1084,2,2.05
1085,2,2.05
1086,2,2.85
1087,2,2.85
1088,2,2.85
1089,2,2.85
1090,2,2.90
1091,2,2.90
1092,2,3.00
1093,2,3.00
1094,2,3.10
1095,2,4.75
1096,2,0.95
1097,2,1.70
1098,2,1.85
1099,2,3.35
1100,2,3.70
1101,2,3.35
1102,2,3.45
1103,2,5.75
1104,2,3.60
1105,2,2.30
1106,2,2.60
1107,2,2.55
1108,2,2.45
1109,2,2.35
1110,2,2.30
1111,2,2.25
1112,2,2.20
1113,2,2.15
1114,2,2.15
1115,2,2.15
1116,2,2.05
1117,2,1.95
1118,2,1.80
1119,2,0.95
1120,2,0.95
1121,2,0.95
1122,2,0.95
1123,2,2.80
1124,2,1.80
1125,2,2.35
1126,2,3.45
1127,2,3.20
1128,2,3.25
1129,2,3.10
1130,2,2.90
1131,2,2.85
1132,2,2.65
1133,2,2.45
1134,2,2.20
1135,2,2.20
1136,2,3.00
1137,2,3.00
1138,2,3.00
1139,2,3.00
1140,2,3.05
1141,2,3.05
1142,2,3.15
1143,2,3.20
1144,2,3.25
1145,2,4.90
1146,2,0.95
1147,2,1.50
1148,2,1.70
1149,2,3.55
1150,2,3.85
1151,2,2.75
1152,2,2.90
1153,2,5.20
1154,2,3.05
1155,2,0.95
1156,2,2.05
1157,2,1.95
1158,2,1.85
1159,2,1.80
1160,2,1.75
1161,2,1.70
1162,2,1.65
1163,2,1.60
1164,2,1.60
1165,2,1.60
1166,2,1.40
1167,2,1.25
1168,2,0.95
1169,2,0.95
1170,2,0.95
1171,2,1.25
1172,2,1.65
1173,2,1.80
1174,2,2.80
1175,2,0.95
1176,2,2.90
1177,2,2.65
1178,2,2.70
1179,2,2.55
1180,2,2.35
1181,2,2.25
1182,2,2.10
1183,2,1.90
1184,2,1.65
1185,2,1.65
1186,2,2.45
1187,2,2.45
1188,2,2.45
1189,2,2.45
1190,2,2.50
1191,2,2.55
1192,2,2.60
1193,2,2.65
1194,2,2.70
1195,2,4.20
1196,2,2.00
1197,2,2.40
1198,2,2.50
1199,2,3.00
1200,2,3.30
1201,2,3.30
1202,2,3.45
1203,2,5.75
1204,2,3.60
1205,2,0.95
1206,2,2.60
1207,2,2.50
1208,2,2.40
1209,2,2.30
1210,2,2.30
1211,2,2.25
1212,2,2.20
1213,2,2.15
1214,2,2.15
1215,2,2.15
1216,2,2.00
1217,2,1.95
1218,2,1.80
1219,2,0.95
1220,2,1.80
1221,2,1.95
1222,2,2.20
1223,2,2.35
1224,2,0.95
1225,2,2.80
1226,2,3.45
1227,2,3.20
1228,2,3.20
1229,2,3.10
1230,2,2.90
1231,2,2.80
1232,2,2.65
1233,2,2.45
1234,2,2.20
1235,2,2.20
1236,2,3.00
1237,2,3.00
1238,2,3.00
1239,2,3.00
1240,2,3.05
1241,2,3.05
1242,2,3.15
1243,2,3.20
1244,2,3.25
1245,2,4.90
1246,2,2.60
1247,2,2.95
1248,2,3.05
1249,2,3.50
1250,2,3.85
1251,2,3.50
1252,2,3.65
1253,2,5.95
1254,2,3.80
1255,2,3.35
1256,2,2.65
1257,2,2.55
1258,2,2.45
1259,2,2.35
1260,2,2.35
1261,2,2.30
1262,2,2.30
1263,2,2.35
1264,2,2.35
1265,2,2.35
1266,2,2.40
1267,2,2.50
1268,2,2.65
1269,2,2.75
1270,2,2.90
1271,2,3.05
1272,2,3.30
1273,2,3.45
1274,2,2.90
1275,2,3.45
1276,2,2.80
1277,2,0.95
1278,2,3.45
1279,2,0.95
1280,2,0.95
1281,2,0.95
1282,2,1.80
1283,2,2.00
1284,2,2.25
1285,2,2.40
1286,2,3.20
1287,2,3.20
1288,2,3.20
1289,2,3.20
1290,2,3.25
1291,2,3.30
1292,2,3.35
1293,2,3.40
1294,2,3.45
1295,2,5.45
1296,2,3.65
1297,2,4.05
1298,2,4.15
1299,2,0.95
1300,2,0.95
1301,2,3.30
1302,2,3.40
1303,2,5.70
1304,2,3.55
1305,2,3.10
1306,2,2.40
1307,2,2.30
1308,2,2.20
1309,2,2.10
1310,2,2.10
1311,2,2.05
1312,2,2.05
1313,2,2.10
1314,2,2.10
1315,2,2.10
1316,2,2.15
1317,2,2.25
1318,2,2.40
1319,2,2.50
1320,2,2.65
1321,2,2.80
1322,2,3.05
1323,2,3.20
1324,2,2.65
1325,2,3.20
1326,2,0.95
1327,2,2.80
1328,2,3.20
1329,2,0.95
1330,2,0.95
1331,2,0.95
1332,2,1.50
1333,2,1.70
1334,2,2.00
1335,2,2.15
1336,2,2.95
1337,2,2.95
1338,2,2.95
1339,2,2.95
1340,2,3.00
1341,2,3.00
1342,2,3.10
1343,2,3.15
1344,2,3.20
1345,2,5.25
1346,2,3.40
1347,2,3.75
1348,2,3.90
1349,2,0.95
1350,2,1.65
1351,2,1.55
1352,2,1.55
1353,2,3.90
1354,2,1.80
1355,2,3.15
1356,2,2.50
1357,2,2.40
1358,2,2.30
1359,2,2.25
1360,2,2.20
1361,2,2.15
1362,2,2.10
1363,2,2.05
1364,2,2.05
1365,2,2.05
1366,2,2.20
1367,2,2.30
1368,2,2.45
1369,2,2.55
1370,2,2.70
1371,2,2.85
1372,2,3.05
1373,2,3.25
1374,2,2.70
1375,2,3.20
1376,2,3.45
1377,2,3.20
1378,2,2.80
1379,2,3.05
1380,2,2.90
1381,2,2.80
1382,2,2.60
1383,2,2.45
1384,2,2.15
1385,2,2.00
1386,2,1.75
1387,2,1.75
1388,2,1.75
1389,2,1.75
1390,2,1.70
1391,2,1.65
1392,2,1.55
1393,2,1.55
1394,2,1.55
1395,2,5.25
1396,2,3.45
1397,2,3.80
1398,2,3.95
1399,2,3.50
1400,2,3.80
1401,2,3.15
1402,2,3.30
1403,2,5.60
1404,2,3.45
1405,2,3.00
1406,2,2.30
1407,2,2.20
1408,2,2.10
1409,2,2.00
1410,2,2.00
1411,2,1.95
1412,2,1.95
1413,2,2.00
1414,2,2.00
1415,2,2.00
1416,2,2.05
1417,2,2.15
1418,2,2.30
1419,2,2.40
1420,2,2.55
1421,2,2.70
1422,2,2.95
1423,2,3.10
1424,2,2.55
1425,2,3.10
1426,2,0.95
1427,2,0.95
1428,2,3.05
1429,2,2.80
1430,2,0.95
1431,2,0.95
1432,2,0.95
1433,2,0.95
1434,2,1.90
1435,2,2.05
1436,2,2.85
1437,2,2.85
1438,2,2.85
1439,2,2.85
1440,2,2.90
1441,2,2.90
1442,2,3.00
1443,2,3.05
1444,2,3.10
1445,2,5.10
1446,2,3.30
1447,2,3.65
1448,2,3.80
1449,2,0.95
1450,2,1.75
1451,2,2.95
1452,2,3.10
1453,2,5.40
1454,2,3.25
1455,2,2.80
1456,2,2.10
1457,2,2.00
1458,2,1.90
1459,2,1.80
1460,2,1.80
1461,2,1.75
1462,2,1.75
1463,2,1.80
1464,2,1.80
1465,2,1.80
1466,2,1.85
1467,2,1.95
1468,2,2.10
1469,2,2.20
1470,2,2.35
1471,2,2.50
1472,2,2.75
1473,2,2.90
1474,2,2.35
1475,2,2.90
1476,2,0.95
1477,2,0.95
1478,2,2.90
1479,2,0.95
1480,2,2.80
1481,2,0.95
1482,2,0.95
1483,2,0.95
1484,2,1.70
1485,2,1.85
1486,2,2.65
1487,2,2.65
1488,2,2.65
1489,2,2.65
1490,2,2.70
1491,2,2.70
1492,2,2.80
1493,2,2.85
1494,2,2.90
1495,2,4.95
1496,2,3.10
1497,2,3.45
1498,2,3.60
1499,2,1.65
1500,2,1.95
1501,2,2.90
1502,2,3.00
1503,2,5.30
1504,2,3.20
1505,2,2.75
1506,2,2.00
1507,2,1.90
1508,2,1.85
1509,2,1.75
1510,2,1.70
1511,2,1.65
1512,2,1.65
1513,2,1.70
1514,2,1.70
1515,2,1.70
1516,2,1.80
1517,2,1.85
1518,2,2.00
1519,2,2.15
1520,2,2.30
1521,2,2.40
1522,2,2.65
1523,2,2.85
1524,2,2.25
1525,2,2.80
1526,2,0.95
1527,2,0.95
1528,2,2.80
1529,2,0.95
1530,2,0.95
1531,2,2.80
1532,2,0.95
1533,2,0.95
1534,2,1.55
1535,2,1.75
1536,2,2.60
1537,2,2.60
1538,2,2.60
1539,2,2.60
1540,2,2.60
1541,2,2.65
1542,2,2.70
1543,2,2.75
1544,2,2.80
1545,2,4.85
1546,2,3.05
1547,2,3.40
1548,2,3.50
1549,2,1.70
1550,2,2.00
1551,2,2.70
1552,2,2.85
1553,2,5.15
1554,2,3.00
1555,2,2.55
1556,2,1.85
1557,2,1.75
1558,2,1.65
1559,2,1.55
1560,2,1.50
1561,2,1.40
1562,2,1.40
1563,2,1.50
1564,2,1.50
1565,2,1.50
1566,2,1.60
1567,2,1.70
1568,2,1.85
1569,2,1.95
1570,2,2.10
1571,2,2.25
1572,2,2.50
1573,2,2.65
1574,2,2.10
1575,2,2.65
1576,2,1.80
1577,2,1.50
1578,2,2.60
1579,2,0.95
1580,2,0.95
1581,2,0.95
1582,2,2.80
1583,2,0.95
1584,2,1.30
1585,2,1.60
1586,2,2.40
1587,2,2.40
1588,2,2.40
1589,2,2.40
1590,2,2.45
1591,2,2.45
1592,2,2.55
1593,2,2.55
1594,2,2.65
1595,2,4.65
1596,2,2.85
1597,2,3.20
1598,2,3.35
1599,2,1.85
1600,2,2.20
1601,2,2.55
1602,2,2.65
1603,2,4.95
1604,2,2.85
1605,2,2.40
1606,2,1.65
1607,2,1.55
1608,2,1.40
1609,2,1.25
1610,2,1.20
1611,2,1.10
1612,2,0.95
1613,2,1.20
1614,2,1.20
1615,2,1.20
1616,2,1.35
1617,2,1.50
1618,2,1.65
1619,2,1.80
1620,2,1.90
1621,2,2.05
1622,2,2.30
1623,2,2.45
1624,2,1.90
1625,2,2.45
1626,2,2.00
1627,2,1.70
1628,2,2.45
1629,2,0.95
1630,2,0.95
1631,2,0.95
1632,2,0.95
1633,2,2.80
1634,2,0.95
1635,2,1.30
1636,2,2.20
1637,2,2.20
1638,2,2.20
1639,2,2.20
1640,2,2.25
1641,2,2.30
1642,2,2.35
1643,2,2.40
1644,2,2.45
1645,2,4.50
1646,2,2.70
1647,2,3.05
1648,2,3.15
1649,2,2.05
1650,2,2.40
1651,2,2.25
1652,2,2.40
1653,2,4.70
1654,2,2.55
1655,2,2.10
1656,2,1.30
1657,2,1.15
1658,2,1.05
1659,2,0.95
1660,2,0.95
1661,2,0.95
1662,2,0.95
1663,2,0.95
1664,2,0.95
1665,2,0.95
1666,2,0.95
1667,2,1.10
1668,2,1.35
1669,2,1.50
1670,2,1.65
1671,2,1.80
1672,2,2.05
1673,2,2.20
1674,2,1.65
1675,2,2.20
1676,2,2.25
1677,2,2.00
1678,2,2.15
1679,2,1.90
1680,2,1.70
1681,2,1.55
1682,2,1.30
1683,2,0.95
1684,2,2.80
1685,2,0.95
1686,2,1.90
1687,2,1.90
1688,2,1.90
1689,2,1.90
1690,2,1.95
1691,2,2.00
1692,2,2.10
1693,2,2.10
1694,2,2.15
1695,2,4.10
1696,2,2.40
1697,2,2.75
1698,2,2.90
1699,2,2.30
1700,2,2.65
1701,2,2.10
1702,2,2.25
1703,2,4.50
1704,2,2.40
1705,2,2.10
1706,2,1.50
1707,2,1.30
1708,2,1.20
1709,2,1.05
1710,2,0.95
1711,2,0.95
1712,2,0.95
1713,2,0.95
1714,2,0.95
1715,2,0.95
1716,2,0.95
1717,2,1.05
1718,2,1.30
1719,2,1.50
1720,2,1.65
1721,2,1.80
1722,2,2.05
1723,2,2.20
1724,2,1.65
1725,2,2.20
1726,2,2.40
1727,2,2.15
1728,2,2.00
1729,2,2.05
1730,2,1.85
1731,2,1.75
1732,2,1.60
1733,2,1.30
1734,2,0.95
1735,2,2.80
1736,2,1.55
1737,2,1.55
1738,2,1.55
1739,2,1.55
1740,2,1.70
1741,2,1.70
1742,2,1.85
1743,2,1.95
1744,2,2.00
1745,2,4.05
1746,2,2.45
1747,2,2.75
1748,2,2.90
1749,2,2.45
1750,2,2.80
1751,2,1.90
1752,2,2.10
1753,2,4.40
1754,2,2.30
1755,2,2.90
1756,2,2.30
1757,2,2.20
1758,2,2.10
1759,2,2.00
1760,2,1.95
1761,2,1.90
1762,2,1.80
1763,2,1.65
1764,2,1.65
1765,2,1.65
1766,2,1.90
1767,2,2.05
1768,2,2.20
1769,2,2.30
1770,2,2.45
1771,2,2.60
1772,2,2.85
1773,2,3.00
1774,2,2.45
1775,2,3.00
1776,2,3.20
1777,2,2.95
1778,2,1.75
1779,2,2.85
1780,2,2.65
1781,2,2.60
1782,2,2.40
1783,2,2.20
1784,2,1.90
1785,2,1.55
1786,2,2.80
1787,2,0.95
1788,2,0.95
1789,2,0.95
1790,2,0.95
1791,2,0.95
1792,2,0.95
1793,2,0.95
1794,2,1.60
1795,2,5.00
1796,2,3.25
1797,2,3.60
1798,2,3.70
1799,2,3.30
1800,2,3.60
1801,2,1.90
1802,2,2.10
1803,2,4.40
1804,2,2.30
1805,2,2.90
1806,2,2.30
1807,2,2.20
1808,2,2.10
1809,2,2.00
1810,2,1.95
1811,2,1.90
1812,2,1.80
1813,2,1.65
1814,2,1.65
1815,2,1.65
1816,2,1.90
1817,2,2.05
1818,2,2.20
1819,2,2.30
1820,2,2.45
1821,2,2.60
1822,2,2.85
1823,2,3.00
1824,2,2.45
1825,2,3.00
1826,2,3.20
1827,2,2.95
1828,2,1.75
1829,2,2.85
1830,2,2.65
1831,2,2.60
1832,2,2.40
1833,2,2.20
1834,2,1.90
1835,2,1.55
1836,2,0.95
1837,2,2.80
1838,2,0.95
1839,2,0.95
1840,2,0.95
1841,2,0.95
1842,2,0.95
1843,2,0.95
1844,2,1.60
1845,2,5.00
1846,2,3.25
1847,2,3.60
1848,2,3.70
1849,2,3.30
1850,2,3.60
1851,2,1.90
1852,2,2.10
1853,2,4.40
1854,2,2.30
1855,2,2.90
1856,2,2.30
1857,2,2.20
1858,2,2.10
1859,2,2.00
1860,2,1.95
1861,2,1.90
1862,2,1.80
1863,2,1.65
1864,2,1.65
1865,2,1.65
1866,2,1.90
1867,2,2.05
1868,2,2.20
1869,2,2.30
1870,2,2.45
1871,2,2.60
1872,2,2.85
1873,2,3.00
1874,2,2.45
1875,2,3.00
1876,2,3.20
1877,2,2.95
1878,2,1.75
1879,2,2.85
1880,2,2.65
1881,2,2.60
1882,2,2.40
1883,2,2.20
1884,2,1.90
1885,2,1.55
1886,2,0.95
1887,2,0.95
1888,2,2.80
1889,2,0.95
1890,2,0.95
1891,2,0.95
1892,2,0.95
1893,2,0.95
1894,2,1.60
1895,2,5.00
1896,2,3.25
1897,2,3.60
1898,2,3.70
1899,2,3.30
1900,2,3.60
1901,2,1.90
1902,2,2.10
1903,2,4.40
1904,2,2.30
1905,2,2.90
1906,2,2.30
1907,2,2.20
1908,2,2.10
1909,2,2.00
1910,2,1.95
1911,2,1.90
1912,2,1.80
1913,2,1.65
1914,2,1.65
1915,2,1.65
1916,2,1.90
1917,2,2.05
1918,2,2.20
1919,2,2.30
1920,2,2.45
1921,2,2.60
1922,2,2.85
1923,2,3.00
1924,2,2.45
1925,2,3.00
1926,2,3.20
1927,2,2.95
1928,2,1.75
1929,2,2.85
1930,2,2.65
1931,2,2.60
1932,2,2.40
1933,2,2.20
1934,2,1.90
1935,2,1.55
1936,2,0.95
1937,2,0.95
1938,2,0.95
1939,2,2.80
1940,2,0.95
1941,2,0.95
1942,2,0.95
1943,2,0.95
1944,2,1.60
1945,2,5.00
1946,2,3.25
1947,2,3.60
1948,2,3.70
1949,2,3.30
1950,2,3.60
1951,2,1.85
1952,2,2.00
1953,2,4.35
1954,2,2.25
1955,2,2.95
1956,2,2.30
1957,2,2.25
1958,2,2.15
1959,2,2.05
1960,2,2.00
1961,2,2.00
1962,2,1.85
1963,2,1.75
1964,2,1.75
1965,2,1.75
1966,2,2.00
1967,2,2.10
1968,2,2.25
1969,2,2.35
1970,2,2.50
1971,2,2.65
1972,2,2.90
1973,2,3.05
1974,2,2.50
1975,2,3.05
1976,2,3.25
1977,2,3.00
1978,2,1.70
1979,2,2.90
1980,2,2.70
1981,2,2.60
1982,2,2.45
1983,2,2.25
1984,2,1.95
1985,2,1.70
1986,2,0.95
1987,2,0.95
1988,2,0.95
1989,2,0.95
1990,2,2.80
1991,2,0.95
1992,2,0.95
1993,2,0.95
1994,2,1.50
1995,2,5.10
1996,2,3.25
1997,2,3.60
1998,2,3.75
1999,2,3.35
2000,2,3.65
2001,2,1.80
2002,2,1.95
2003,2,4.35
2004,2,2.25
2005,2,3.00
2006,2,2.35
2007,2,2.25
2008,2,2.15
2009,2,2.10
2010,2,2.05
2011,2,2.00
2012,2,1.90
2013,2,1.80
2014,2,1.80
2015,2,1.80
2016,2,2.05
2017,2,2.15
2018,2,2.25
2019,2,2.40
2020,2,2.55
2021,2,2.70
2022,2,2.90
2023,2,3.05
2024,2,2.55
2025,2,3.05
2026,2,3.30
2027,2,3.00
2028,2,1.65
2029,2,2.90
2030,2,2.70
2031,2,2.65
2032,2,2.45
2033,2,2.30
2034,2,2.00
2035,2,1.70
2036,2,0.95
2037,2,0.95
2038,2,0.95
2039,2,0.95
2040,2,0.95
2041,2,2.80
2042,2,0.95
2043,2,0.95
2044,2,1.50
2045,2,5.10
2046,2,3.30
2047,2,3.65
2048,2,3.75
2049,2,3.35
2050,2,3.65
2051,2,1.65
2052,2,1.85
2053,2,4.20
2054,2,2.10
2055,2,3.05
2056,2,2.40
2057,2,2.30
2058,2,2.25
2059,2,2.15
2060,2,2.10
2061,2,2.10
2062,2,2.00
2063,2,1.95
2064,2,1.95
2065,2,1.95
2066,2,2.10
2067,2,2.20
2068,2,2.35
2069,2,2.45
2070,2,2.60
2071,2,2.75
2072,2,3.00
2073,2,3.15
2074,2,2.60
2075,2,3.15
2076,2,3.35
2077,2,3.10
2078,2,1.55
2079,2,3.00
2080,2,2.80
2081,2,2.70
2082,2,2.55
2083,2,2.35
2084,2,2.10
2085,2,1.85
2086,2,0.95
2087,2,0.95
2088,2,0.95
2089,2,0.95
2090,2,0.95
2091,2,0.95
2092,2,2.80
2093,2,0.95
2094,2,1.50
2095,2,5.15
2096,2,3.35
2097,2,3.75
2098,2,3.85
2099,2,3.45
2100,2,3.75
2101,2,1.55
2102,2,1.80
2103,2,4.15
2104,2,2.05
2105,2,3.10
2106,2,2.45
2107,2,2.35
2108,2,2.25
2109,2,2.15
2110,2,2.15
2111,2,2.10
2112,2,2.05
2113,2,2.00
2114,2,2.00
2115,2,2.00
2116,2,2.15
2117,2,2.25
2118,2,2.40
2119,2,2.50
2120,2,2.65
2121,2,2.75
2122,2,3.00
2123,2,3.20
2124,2,2.65
2125,2,3.20
2126,2,3.40
2127,2,3.15
2128,2,1.55
2129,2,3.05
2130,2,2.85
2131,2,2.75
2132,2,2.55
2133,2,2.40
2134,2,2.10
2135,2,1.95
2136,2,0.95
2137,2,0.95
2138,2,0.95
2139,2,0.95
2140,2,0.95
2141,2,0.95
2142,2,0.95
2143,2,2.80
2144,2,1.50
2145,2,5.20
2146,2,3.40
2147,2,3.75
2148,2,3.90
2149,2,3.45
2150,2,3.75
2151,2,1.55
2152,2,1.55
2153,2,4.05
2154,2,1.95
2155,2,3.15
2156,2,2.55
2157,2,2.40
2158,2,2.35
2159,2,2.25
2160,2,2.20
2161,2,2.15
2162,2,2.10
2163,2,2.05
2164,2,2.05
2165,2,2.05
2166,2,2.20
2167,2,2.30
2168,2,2.45
2169,2,2.55
2170,2,2.70
2171,2,2.85
2172,2,3.10
2173,2,3.25
2174,2,2.70
2175,2,3.25
2176,2,3.45
2177,2,3.20
2178,2,1.55
2179,2,3.10
2180,2,2.90
2181,2,2.80
2182,2,2.65
2183,2,2.45
2184,2,2.15
2185,2,2.00
2186,2,1.60
2187,2,1.60
2188,2,1.60
2189,2,1.60
2190,2,1.50
2191,2,1.50
2192,2,1.50
2193,2,1.50
2194,2,2.80
2195,2,5.25
2196,2,3.45
2197,2,3.80
2198,2,3.95
2199,2,3.50
2200,2,3.85
2201,2,5.35
2202,2,5.45
2203,2,7.75
2204,2,5.65
2205,2,4.80
2206,2,4.65
2207,2,4.55
2208,2,4.45
2209,2,4.30
2210,2,4.25
2211,2,4.15
2212,2,4.05
2213,2,3.90
2214,2,3.90
2215,2,3.90
2216,2,3.90
2217,2,2.95
2218,2,3.90
2219,2,3.90
2220,2,4.20
2221,2,4.45
2222,2,4.75
2223,2,4.90
2224,2,4.20
2225,2,4.90
2226,2,5.45
2227,2,5.25
2228,2,5.25
2229,2,5.10
2230,2,4.95
2231,2,4.85
2232,2,4.65
2233,2,4.50
2234,2,4.10
2235,2,4.05
2236,2,5.00
2237,2,5.00
2238,2,5.00
2239,2,5.00
2240,2,5.10
2241,2,5.10
2242,2,5.15
2243,2,5.20
2244,2,5.25
2245,2,2.80
2246,2,5.15
2247,2,5.50
2248,2,5.60
2249,2,5.55
2250,2,5.85
2251,2,3.55
2252,2,3.65
2253,2,5.95
2254,2,3.85
2255,2,2.50
2256,2,2.85
2257,2,2.75
2258,2,2.65
2259,2,2.55
2260,2,2.55
2261,2,2.50
2262,2,2.40
2263,2,2.40
2264,2,2.40
2265,2,2.40
2266,2,2.25
2267,2,2.15
2268,2,2.00
2269,2,1.90
2270,2,1.75
2271,2,0.95
2272,2,0.95
2273,2,0.95
2274,2,2.00
2275,2,2.60
2276,2,3.65
2277,2,3.40
2278,2,3.45
2279,2,3.30
2280,2,3.10
2281,2,3.05
2282,2,2.85
2283,2,2.70
2284,2,2.40
2285,2,2.45
2286,2,3.25
2287,2,3.25
2288,2,3.25
2289,2,3.25
2290,2,3.25
2291,2,3.30
2292,2,3.35
2293,2,3.40
2294,2,3.45
2295,2,5.15
2296,2,2.80
2297,2,1.15
2298,2,1.35
2299,2,3.75
2300,2,4.05
2301,2,3.90
2302,2,4.05
2303,2,6.30
2304,2,4.20
2305,2,2.85
2306,2,3.20
2307,2,3.10
2308,2,3.00
2309,2,2.90
2310,2,2.90
2311,2,2.85
2312,2,2.75
2313,2,2.75
2314,2,2.75
2315,2,2.75
2316,2,2.60
2317,2,2.50
2318,2,2.35
2319,2,2.25
2320,2,2.10
2321,2,1.95
2322,2,1.70
2323,2,1.50
2324,2,2.40
2325,2,2.95
2326,2,4.05
2327,2,3.75
2328,2,3.80
2329,2,3.65
2330,2,3.45
2331,2,3.40
2332,2,3.20
2333,2,3.05
2334,2,2.75
2335,2,2.75
2336,2,3.60
2337,2,3.60
2338,2,3.60
2339,2,3.60
2340,2,3.60
2341,2,3.65
2342,2,3.75
2343,2,3.75
2344,2,3.80
2345,2,5.50
2346,2,1.15
2347,2,2.80
2348,2,0.95
2349,2,4.10
2350,2,4.40
2351,2,4.05
2352,2,4.15
2353,2,6.45
2354,2,4.30
2355,2,3.00
2356,2,3.30
2357,2,3.20
2358,2,3.15
2359,2,3.05
2360,2,3.00
2361,2,2.95
2362,2,2.90
2363,2,2.85
2364,2,2.85
2365,2,2.85
2366,2,2.75
2367,2,2.60
2368,2,2.50
2369,2,2.40
2370,2,2.25
2371,2,2.10
2372,2,1.85
2373,2,1.70
2374,2,2.50
2375,2,3.05
2376,2,4.15
2377,2,3.90
2378,2,3.95
2379,2,3.80
2380,2,3.60
2381,2,3.50
2382,2,3.35
2383,2,3.15
2384,2,2.90
2385,2,2.90
2386,2,3.70
2387,2,3.70
2388,2,3.70
2389,2,3.70
2390,2,3.75
2391,2,3.75
2392,2,3.85
2393,2,3.90
2394,2,3.95
2395,2,5.60
2396,2,1.35
2397,2,0.95
2398,2,2.80
2399,2,4.25
2400,2,4.55
2401,2,3.60
2402,2,3.75
2403,2,6.00
2404,2,3.90
2405,2,3.45
2406,2,2.70
2407,2,2.60
2408,2,2.55
2409,2,2.45
2410,2,2.40
2411,2,2.40
2412,2,2.40
2413,2,2.40
2414,2,2.40
2415,2,2.40
2416,2,2.50
2417,2,2.60
2418,2,2.75
2419,2,2.85
2420,2,3.00
2421,2,3.15
2422,2,3.35
2423,2,3.55
2424,2,3.00
2425,2,3.50
2426,2,0.95
2427,2,0.95
2428,2,3.50
2429,2,0.95
2430,2,1.65
2431,2,1.70
2432,2,1.85
2433,2,2.05
2434,2,2.30
2435,2,2.45
2436,2,3.30
2437,2,3.30
2438,2,3.30
2439,2,3.30
2440,2,3.35
2441,2,3.35
2442,2,3.45
2443,2,3.45
2444,2,3.50
2445,2,5.55
2446,2,3.75
2447,2,4.10
2448,2,4.25
2449,2,2.80
2450,2,0.95
2451,2,3.90
2452,2,4.05
2453,2,6.35
2454,2,4.20
2455,2,3.75
2456,2,3.05
2457,2,2.90
2458,2,2.85
2459,2,2.75
2460,2,2.75
2461,2,2.70
2462,2,2.70
2463,2,2.70
2464,2,2.70
2465,2,2.70
2466,2,2.80
2467,2,2.90
2468,2,3.05
2469,2,3.15
2470,2,3.30
2471,2,3.45
2472,2,3.70
2473,2,3.85
2474,2,3.30
2475,2,3.85
2476,2,0.95
2477,2,1.65
2478,2,3.80
2479,2,1.75
2480,2,1.95
2481,2,2.00
2482,2,2.20
2483,2,2.40
2484,2,2.65
2485,2,2.80
2486,2,3.60
2487,2,3.60
2488,2,3.60
2489,2,3.60
2490,2,3.65
2491,2,3.65
2492,2,3.75
2493,2,3.75
2494,2,3.85
2495,2,5.85
2496,2,4.05
2497,2,4.40
2498,2,4.55
2499,2,0.95
2500,2,2.80
1,16,3.75
2,16,2.10
3,16,5.05
4,16,2.10
5,16,4.35
6,16,3.50
7,16,3.35
8,16,3.25
9,16,3.10
10,16,3.05
11,16,3.00
12,16,2.95
13,16,2.85
14,16,2.85
15,16,2.85
16,16,3.05
17,16,3.20
18,16,3.35
19,16,3.55
20,16,3.70
21,16,3.90
22,16,4.25
23,16,4.45
24,16,3.70
25,16,4.45
26,16,4.70
27,16,4.40
28,16,2.10
29,16,4.25
30,16,3.95
31,16,3.90
32,16,3.65
33,16,3.40
34,16,3.05
35,16,2.80
36,16,2.55
37,16,2.55
38,16,2.55
39,16,2.55
40,16,2.45
41,16,2.40
42,16,2.20
43,16,2.10
44,16,2.10
45,16,7.15
46,16,4.75
47,16,5.20
48,16,5.40
49,16,4.80
50,16,5.25
51,16,2.10
52,16,3.75
53,16,5.05
54,16,2.10
55,16,4.50
56,16,3.65
57,16,3.50
58,16,3.40
59,16,3.30
60,16,3.25
61,16,3.20
62,16,3.10
63,16,3.05
64,16,3.05
65,16,3.05
66,16,3.25
67,16,3.35
68,16,3.55
69,16,3.70
70,16,3.90
71,16,4.10
72,16,4.40
73,16,4.65
74,16,3.90
75,16,4.60
76,16,4.90
77,16,4.55
78,16,2.10
79,16,4.40
80,16,4.15
81,16,4.05
82,16,3.80
83,16,3.55
84,16,3.20
85,16,3.00
86,16,2.85
87,16,2.85
88,16,2.85
89,16,2.85
90,16,2.70
91,16,2.65
92,16,2.50
93,16,2.40
94,16,2.10
95,16,7.30
96,16,4.90
97,16,5.40
98,16,5.55
99,16,5.00
100,16,5.40
101,16,5.05
102,16,5.05
103,16,3.75
104,16,2.90
105,16,7.55
106,16,6.70
107,16,6.55
108,16,6.45
109,16,6.35
110,16,6.30
111,16,6.25
112,16,6.15
113,16,6.10
114,16,6.10
115,16,6.10
116,16,6.30
117,16,6.40
118,16,6.60
119,16,6.75
120,16,6.95
121,16,7.15
122,16,7.45
123,16,7.70
124,16,6.95
125,16,7.65
126,16,7.95
127,16,7.60
128,16,5.25
129,16,7.45
130,16,7.20
131,16,7.10
132,16,6.85
133,16,6.60
134,16,6.25
135,16,6.05
136,16,5.90
137,16,5.90
138,16,5.90
139,16,5.90
140,16,5.85
141,16,5.80
142,16,5.60
143,16,5.55
144,16,5.40
145,16,10.35
146,16,7.95
147,16,8.45
148,16,8.60
149,16,8.05
150,16,8.45
151,16,2.10
152,16,2.10
153,16,2.90
154,16,3.75
155,16,4.70
156,16,3.85
157,16,3.75
158,16,3.65
159,16,3.50
160,16,3.45
161,16,3.40
162,16,3.35
163,16,3.25
164,16,3.25
165,16,3.25
166,16,3.45
167,16,3.55
168,16,3.75
169,16,3.90
170,16,4.10
171,16,4.30
172,16,4.60
173,16,4.85
174,16,4.10
175,16,4.85
176,16,5.10
177,16,4.75
178,16,2.45
179,16,4.65
180,16,4.35
181,16,4.25
182,16,4.05
183,16,3.80
184,16,3.40
185,16,3.20
186,16,3.05
187,16,3.05
188,16,3.05
189,16,3.05
190,16,3.00
191,16,3.00
192,16,2.80
193,16,2.75
194,16,2.60
195,16,7.55
196,16,5.15
197,16,5.60
198,16,5.75
199,16,5.20
200,16,5.65
201,16,4.35
202,16,4.50
203,16,7.55
204,16,4.70
205,16,3.75
206,16,3.40
207,16,3.25
208,16,3.15
209,16,3.00
210,16,3.00
211,16,2.95
212,16,2.85
213,16,2.80
214,16,2.80
215,16,2.80
216,16,2.60
217,16,2.50
218,16,2.30
219,16,1.25
220,16,2.30
221,16,2.50
222,16,2.85
223,16,3.05
224,16,1.25
225,16,1.25
226,16,4.50
227,16,4.15
228,16,4.20
229,16,4.05
230,16,3.75
231,16,3.65
232,16,3.45
233,16,3.20
234,16,2.85
235,16,2.85
236,16,3.90
237,16,3.90
238,16,3.90
239,16,3.90
240,16,3.95
241,16,4.00
242,16,4.10
243,16,4.15
244,16,4.25
245,16,6.45
246,16,3.35
247,16,3.80
248,16,4.00
249,16,4.60
250,16,5.05
251,16,3.50
252,16,3.65
253,16,6.70
254,16,3.85
255,16,3.40
256,16,3.75
257,16,1.25
258,16,1.25
259,16,1.25
260,16,1.25
261,16,1.25
262,16,1.75
263,16,1.90
264,16,1.90
265,16,1.90
266,16,2.10
267,16,2.25
268,16,2.45
269,16,2.60
270,16,2.75
271,16,2.95
272,16,3.30
273,16,3.50
274,16,2.75
275,16,3.50
276,16,3.55
277,16,3.20
278,16,3.35
279,16,3.05
280,16,2.80
281,16,2.70
282,16,2.45
283,16,2.20
284,16,1.75
285,16,2.00
286,16,3.05
287,16,3.05
288,16,3.05
289,16,3.05
290,16,3.10
291,16,3.15
292,16,3.25
293,16,3.30
294,16,3.40
295,16,6.20
296,16,3.80
297,16,4.25
298,16,4.45
299,16,3.65
300,16,4.05
301,16,3.35
302,16,3.50
303,16,6.55
304,16,3.75
305,16,3.25
306,16,1.25
307,16,3.75
308,16,1.25
309,16,1.25
310,16,1.25
311,16,1.25
312,16,1.50
313,16,1.65
314,16,1.65
315,16,1.65
316,16,1.95
317,16,2.10
318,16,2.30
319,16,2.45
320,16,2.65
321,16,2.85
322,16,3.15
323,16,3.40
324,16,2.65
325,16,3.35
326,16,3.40
327,16,3.05
328,16,3.20
329,16,2.95
330,16,2.65
331,16,2.55
332,16,2.35
333,16,2.10
334,16,1.55
335,16,1.75
336,16,2.95
337,16,2.95
338,16,2.95
339,16,2.95
340,16,3.00
341,16,3.00
342,16,3.10
343,16,3.15
344,16,3.25
345,16,6.05
346,16,3.65
347,16,4.15
348,16,4.30
349,16,3.50
350,16,3.90
351,16,3.25
352,16,3.40
353,16,6.45
354,16,3.65
355,16,3.15
356,16,1.25
357,16,1.25
358,16,3.75
359,16,1.25
360,16,1.25
361,16,1.25
362,16,1.35
363,16,1.50
364,16,1.50
365,16,1.50
366,16,1.80
367,16,2.00
368,16,2.20
369,16,2.35
370,16,2.50
371,16,2.70
372,16,3.05
373,16,3.25
374,16,2.50
375,16,3.25
376,16,3.30
377,16,2.95
378,16,3.10
379,16,2.80
380,16,2.55
381,16,2.45
382,16,2.20
383,16,1.90
384,16,1.40
385,16,1.60
386,16,2.85
387,16,2.85
388,16,2.85
389,16,2.85
390,16,2.85
391,16,2.90
392,16,3.00
393,16,3.05
394,16,3.15
395,16,5.95
396,16,3.55
397,16,4.00
398,16,4.20
399,16,3.40
400,16,3.80
401,16,3.10
402,16,3.30
403,16,6.35
404,16,3.50
405,16,3.00
406,16,1.25
407,16,1.25
408,16,1.25
409,16,3.75
410,16,1.25
411,16,1.25
412,16,1.25
413,16,1.25
414,16,1.25
415,16,1.25
416,16,1.55
417,16,1.80
418,16,2.05
419,16,2.20
420,16,2.40
421,16,2.60
422,16,2.90
423,16,3.15
424,16,2.40
425,16,3.10
426,16,3.15
427,16,2.85
428,16,3.00
429,16,2.70
430,16,2.45
431,16,2.35
432,16,2.10
433,16,1.70
434,16,1.25
435,16,1.40
436,16,2.70
437,16,2.70
438,16,2.70
439,16,2.70
440,16,2.75
441,16,2.80
442,16,2.90
443,16,2.90
444,16,3.00
445,16,5.75
446,16,3.40
447,16,3.90
448,16,4.05
449,16,3.25
450,16,3.70
451,16,3.05
452,16,3.25
453,16,6.30
454,16,3.45
455,16,3.00
456,16,1.25
457,16,1.25
458,16,1.25
459,16,1.25
460,16,3.75
461,16,1.25
462,16,1.25
463,16,1.25
464,16,1.25
465,16,1.25
466,16,1.50
467,16,1.70
468,16,2.00
469,16,2.20
470,16,2.35
471,16,2.55
472,16,2.90
473,16,3.10
474,16,2.35
475,16,3.10
476,16,3.15
477,16,2.80
478,16,2.95
479,16,2.65
480,16,2.40
481,16,2.30
482,16,2.05
483,16,1.60
484,16,1.25
485,16,1.30
486,16,2.65
487,16,2.65
488,16,2.65
489,16,2.65
490,16,2.70
491,16,2.75
492,16,2.85
493,16,2.90
494,16,2.95
495,16,5.65
496,16,3.40
497,16,3.85
498,16,4.05
499,16,3.25
500,16,3.65
501,16,3.00
502,16,3.20
503,16,6.25
504,16,3.40
505,16,2.95
506,16,1.25
507,16,1.25
508,16,1.25
509,16,1.25
510,16,1.25
511,16,3.75
512,16,1.25
513,16,1.25
514,16,1.25
515,16,1.25
516,16,1.40
517,16,1.60
518,16,1.90
519,16,2.10
520,16,2.30
521,16,2.50
522,16,2.85
523,16,3.05
524,16,2.30
525,16,3.05
526,16,3.10
527,16,2.75
528,16,2.90
529,16,2.65
530,16,2.35
531,16,2.25
532,16,1.90
533,16,1.50
534,16,1.25
535,16,1.25
536,16,2.55
537,16,2.55
538,16,2.55
539,16,2.55
540,16,2.65
541,16,2.70
542,16,2.80
543,16,2.85
544,16,2.90
545,16,5.55
546,16,3.35
547,16,3.80
548,16,3.95
549,16,3.20
550,16,3.65
551,16,2.95
552,16,3.10
553,16,6.15
554,16,3.35
555,16,2.85
556,16,1.75
557,16,1.50
558,16,1.35
559,16,1.25
560,16,1.25
561,16,1.25
562,16,3.75
563,16,1.25
564,16,1.25
565,16,1.25
566,16,1.25
567,16,1.45
568,16,1.75
569,16,2.00
570,16,2.25
571,16,2.40
572,16,2.75
573,16,2.95
574,16,2.20
575,16,2.95
576,16,3.10
577,16,2.75
578,16,2.80
579,16,2.65
580,16,2.35
581,16,2.25
582,16,1.90
583,16,1.25
584,16,1.25
585,16,1.25
586,16,2.40
587,16,2.40
588,16,2.40
589,16,2.40
590,16,2.50
591,16,2.55
592,16,2.70
593,16,2.75
594,16,2.85
595,16,5.40
596,16,3.25
597,16,3.70
598,16,3.90
599,16,3.20
600,16,3.65
601,16,2.85
602,16,3.05
603,16,6.10
604,16,3.25
605,16,2.80
606,16,1.90
607,16,1.65
608,16,1.50
609,16,1.25
610,16,1.25
611,16,1.25
612,16,1.25
613,16,3.75
614,16,1.25
615,16,1.25
616,16,1.25
617,16,1.25
618,16,1.60
619,16,1.85
620,16,2.15
621,16,2.35
622,16,2.70
623,16,2.90
624,16,2.15
625,16,2.90
626,16,3.15
627,16,2.80
628,16,2.75
629,16,2.65
630,16,2.40
631,16,2.30
632,16,2.00
633,16,1.60
634,16,1.25
635,16,1.25
636,16,2.25
637,16,2.25
638,16,2.25
639,16,2.25
640,16,2.35
641,16,2.45
642,16,2.60
643,16,2.70
644,16,2.75
645,16,5.25
646,16,3.20
647,16,3.65
648,16,3.85
649,16,3.25
650,16,3.65
651,16,2.85
652,16,3.05
653,16,6.10
654,16,3.25
655,16,2.80
656,16,1.90
657,16,1.65
658,16,1.50
659,16,1.25
660,16,1.25
661,16,1.25
662,16,1.25
663,16,1.25
664,16,3.75
665,16,1.25
666,16,1.25
667,16,1.25
668,16,1.60
669,16,1.85
670,16,2.15
671,16,2.35
672,16,2.70
673,16,2.90
674,16,2.15
675,16,2.90
676,16,3.15
677,16,2.80
678,16,2.75
679,16,2.65
680,16,2.40
681,16,2.30
682,16,2.00
683,16,1.60
684,16,1.25
685,16,1.25
686,16,2.25
687,16,2.25
688,16,2.25
689,16,2.25
690,16,2.35
691,16,2.45
692,16,2.60
693,16,2.70
694,16,2.75
695,16,5.25
696,16,3.20
697,16,3.65
698,16,3.85
699,16,3.25
700,16,3.65
701,16,2.85
702,16,3.05
703,16,6.10
704,16,3.25
705,16,2.80
706,16,1.90
707,16,1.65
708,16,1.50
709,16,1.25
710,16,1.25
711,16,1.25
712,16,1.25
713,16,1.25
714,16,1.25
715,16,3.75
716,16,1.25
717,16,1.25
718,16,1.60
719,16,1.85
720,16,2.15
721,16,2.35
722,16,2.70
723,16,2.90
724,16,2.15
725,16,2.90
726,16,3.15
727,16,2.80
728,16,2.75
729,16,2.65
730,16,2.40
731,16,2.30
732,16,2.00
733,16,1.60
734,16,1.25
735,16,1.25
736,16,2.25
737,16,2.25
738,16,2.25
739,16,2.25
740,16,2.35
741,16,2.45
742,16,2.60
743,16,2.70
744,16,2.75
745,16,5.25
746,16,3.20
747,16,3.65
748,16,3.85
749,16,3.25
750,16,3.65
751,16,3.05
752,16,3.25
753,16,6.30
754,16,3.45
755,16,2.60
756,16,2.10
757,16,1.95
758,16,1.80
759,16,1.55
760,16,1.50
761,16,1.40
762,16,1.25
763,16,1.25
764,16,1.25
765,16,1.25
766,16,3.75
767,16,1.25
768,16,1.25
769,16,1.55
770,16,1.85
771,16,2.15
772,16,2.50
773,16,2.75
774,16,1.85
775,16,2.70
776,16,3.25
777,16,2.90
778,16,2.95
779,16,2.75
780,16,2.50
781,16,2.40
782,16,2.15
783,16,1.80
784,16,1.30
785,16,1.25
786,16,2.55
787,16,2.55
788,16,2.55
789,16,2.55
790,16,2.65
791,16,2.75
792,16,2.80
793,16,2.85
794,16,2.95
795,16,5.25
796,16,3.00
797,16,3.50
798,16,3.65
799,16,3.35
800,16,3.75
801,16,3.20
802,16,3.35
803,16,6.40
804,16,3.55
805,16,2.50
806,16,2.25
807,16,2.10
808,16,2.00
809,16,1.80
810,16,1.70
811,16,1.60
812,16,1.45
813,16,1.25
814,16,1.25
815,16,1.25
816,16,1.25
817,16,3.75
818,16,1.25
819,16,1.25
820,16,1.65
821,16,1.95
822,16,2.40
823,16,2.60
824,16,1.65
825,16,2.60
826,16,3.35
827,16,3.00
828,16,3.05
829,16,2.90
830,16,2.60
831,16,2.50
832,16,2.30
833,16,2.00
834,16,1.50
835,16,1.40
836,16,2.75
837,16,2.75
838,16,2.75
839,16,2.75
840,16,2.80
841,16,2.85
842,16,2.95
843,16,3.00
844,16,3.10
845,16,3.95
846,16,2.90
847,16,3.35
848,16,3.50
849,16,3.45
850,16,3.90
851,16,3.35
852,16,3.55
853,16,6.60
854,16,3.75
855,16,2.30
856,16,2.45
857,16,2.30
858,16,2.20
859,16,2.05
860,16,2.00
861,16,1.90
862,16,1.75
863,16,1.60
864,16,1.60
865,16,1.60
866,16,1.25
867,16,1.25
868,16,3.75
869,16,1.25
870,16,1.25
871,16,1.65
872,16,2.15
873,16,2.40
874,16,1.25
875,16,2.40
876,16,3.55
877,16,3.20
878,16,3.25
879,16,3.05
880,16,2.80
881,16,2.70
882,16,2.50
883,16,2.20
884,16,1.80
885,16,1.75
886,16,2.95
887,16,2.95
888,16,2.95
889,16,2.95
890,16,3.00
891,16,3.05
892,16,3.15
893,16,3.20
894,16,3.25
895,16,5.25
896,16,2.70
897,16,3.15
898,16,3.35
899,16,3.65
900,16,4.05
901,16,3.55
902,16,3.70
903,16,6.75
904,16,3.90
905,16,1.25
906,16,2.60
907,16,2.45
908,16,2.35
909,16,2.20
910,16,2.20
911,16,2.10
912,16,2.00
913,16,1.85
914,16,1.85
915,16,1.85
916,16,1.55
917,16,1.25
918,16,1.25
919,16,3.75
920,16,1.25
921,16,1.25
922,16,1.25
923,16,1.25
924,16,1.25
925,16,1.25
926,16,3.70
927,16,3.35
928,16,3.40
929,16,3.25
930,16,2.95
931,16,2.85
932,16,2.60
933,16,2.40
934,16,2.00
935,16,2.00
936,16,3.10
937,16,3.10
938,16,3.10
939,16,3.10
940,16,3.15
941,16,3.20
942,16,3.30
943,16,3.35
944,16,3.45
945,16,5.25
946,16,2.55
947,16,3.00
948,16,3.20
949,16,3.80
950,16,4.20
951,16,3.70
952,16,3.90
953,16,6.95
954,16,4.10
955,16,2.30
956,16,2.75
957,16,2.65
958,16,2.50
959,16,2.40
960,16,2.35
961,16,2.30
962,16,2.25
963,16,2.15
964,16,2.15
965,16,2.15
966,16,1.85
967,16,1.65
968,16,1.25
969,16,1.25
970,16,3.75
971,16,1.25
972,16,1.25
973,16,1.25
974,16,1.25
975,16,2.45
976,16,3.90
977,16,3.55
978,16,3.60
979,16,3.40
980,16,3.15
981,16,3.05
982,16,2.80
983,16,2.55
984,16,2.25
985,16,2.20
986,16,3.30
987,16,3.30
988,16,3.30
989,16,3.30
990,16,3.35
991,16,3.40
992,16,3.50
993,16,3.55
994,16,3.60
995,16,5.65
996,16,2.35
997,16,2.85
998,16,3.00
999,16,4.00
1000,16,4.40
1001,16,3.90
1002,16,4.10
1003,16,7.15
1004,16,4.30
1005,16,2.50
1006,16,2.95
1007,16,2.85
1008,16,2.70
1009,16,2.60
1010,16,2.55
1011,16,2.50
1012,16,2.40
1013,16,2.35
1014,16,2.35
1015,16,2.35
1016,16,2.15
1017,16,1.95
1018,16,1.65
1019,16,1.25
1020,16,1.25
1021,16,3.75
1022,16,1.25
1023,16,1.25
1024,16,1.70
1025,16,2.60
1026,16,4.10
1027,16,3.75
1028,16,3.80
1029,16,3.60
1030,16,3.35
1031,16,3.25
1032,16,3.00
1033,16,2.75
1034,16,2.40
1035,16,2.40
1036,16,3.50
1037,16,3.50
1038,16,3.50
1039,16,3.50
1040,16,3.55
1041,16,3.60
1042,16,3.70
1043,16,3.70
1044,16,3.80
1045,16,5.95
1046,16,1.25
1047,16,2.65
1048,16,2.80
1049,16,4.20
1050,16,4.60
1051,16,4.25
1052,16,4.40
1053,16,7.45
1054,16,4.60
1055,16,2.85
1056,16,3.30
1057,16,3.15
1058,16,3.05
1059,16,2.90
1060,16,2.90
1061,16,2.85
1062,16,2.75
1063,16,2.70
1064,16,2.70
1065,16,2.70
1066,16,2.50
1067,16,2.40
1068,16,2.15
1069,16,1.25
1070,16,1.25
1071,16,1.25
1072,16,3.75
1073,16,1.25
1074,16,2.20
1075,16,2.95
1076,16,4.40
1077,16,4.05
1078,16,4.10
1079,16,3.95
1080,16,3.65
1081,16,3.55
1082,16,3.35
1083,16,3.10
1084,16,2.75
1085,16,2.75
1086,16,3.80
1087,16,3.80
1088,16,3.80
1089,16,3.80
1090,16,3.85
1091,16,3.90
1092,16,4.00
1093,16,4.05
1094,16,4.15
1095,16,6.35
1096,16,1.25
1097,16,2.30
1098,16,2.50
1099,16,4.50
1100,16,4.95
1101,16,4.45
1102,16,4.65
1103,16,7.70
1104,16,4.85
1105,16,3.05
1106,16,3.50
1107,16,3.40
1108,16,3.25
1109,16,3.15
1110,16,3.10
1111,16,3.05
1112,16,2.95
1113,16,2.90
1114,16,2.90
1115,16,2.90
1116,16,2.75
1117,16,2.60
1118,16,2.40
1119,16,1.25
1120,16,1.25
1121,16,1.25
1122,16,1.25
1123,16,3.75
1124,16,2.45
1125,16,3.15
1126,16,4.65
1127,16,4.30
1128,16,4.35
1129,16,4.15
1130,16,3.90
1131,16,3.80
1132,16,3.55
1133,16,3.30
1134,16,2.95
1135,16,2.95
1136,16,4.05
1137,16,4.05
1138,16,4.05
1139,16,4.05
1140,16,4.10
1141,16,4.10
1142,16,4.20
1143,16,4.25
1144,16,4.35
1145,16,6.55
1146,16,1.25
1147,16,2.00
1148,16,2.25
1149,16,4.75
1150,16,5.15
1151,16,3.70
1152,16,3.90
1153,16,6.95
1154,16,4.10
1155,16,1.25
1156,16,2.75
1157,16,2.65
1158,16,2.50
1159,16,2.40
1160,16,2.35
1161,16,2.30
1162,16,2.20
1163,16,2.15
1164,16,2.15
1165,16,2.15
1166,16,1.85
1167,16,1.65
1168,16,1.25
1169,16,1.25
1170,16,1.25
1171,16,1.70
1172,16,2.20
1173,16,2.45
1174,16,3.75
1175,16,1.25
1176,16,3.90
1177,16,3.55
1178,16,3.60
1179,16,3.40
1180,16,3.15
1181,16,3.05
1182,16,2.80
1183,16,2.55
1184,16,2.20
1185,16,2.25
1186,16,3.30
1187,16,3.30
1188,16,3.30
1189,16,3.30
1190,16,3.35
1191,16,3.40
1192,16,3.50
1193,16,3.55
1194,16,3.60
1195,16,5.65
1196,16,2.70
1197,16,3.20
1198,16,3.35
1199,16,4.00
1200,16,4.40
1201,16,4.45
1202,16,4.60
1203,16,7.65
1204,16,4.85
1205,16,1.25
1206,16,3.50
1207,16,3.35
1208,16,3.25
1209,16,3.10
1210,16,3.10
1211,16,3.05
1212,16,2.95
1213,16,2.90
1214,16,2.90
1215,16,2.90
1216,16,2.70
1217,16,2.60
1218,16,2.40
1219,16,1.25
1220,16,2.45
1221,16,2.60
1222,16,2.95
1223,16,3.15
1224,16,1.25
1225,16,3.75
1226,16,4.60
1227,16,4.25
1228,16,4.30
1229,16,4.15
1230,16,3.85
1231,16,3.75
1232,16,3.55
1233,16,3.30
1234,16,2.95
1235,16,2.95
1236,16,4.05
1237,16,4.05
1238,16,4.05
1239,16,4.05
1240,16,4.10
1241,16,4.10
1242,16,4.20
1243,16,4.25
1244,16,4.35
1245,16,6.55
1246,16,3.45
1247,16,3.95
1248,16,4.10
1249,16,4.70
1250,16,5.15
1251,16,4.70
1252,16,4.90
1253,16,7.95
1254,16,5.10
1255,16,4.50
1256,16,3.55
1257,16,3.40
1258,16,3.30
1259,16,3.15
1260,16,3.15
1261,16,3.10
1262,16,3.10
1263,16,3.15
1264,16,3.15
1265,16,3.15
1266,16,3.25
1267,16,3.35
1268,16,3.55
1269,16,3.70
1270,16,3.90
1271,16,4.10
1272,16,4.40
1273,16,4.65
1274,16,3.90
1275,16,4.60
1276,16,3.75
1277,16,1.25
1278,16,4.60
1279,16,1.25
1280,16,1.25
1281,16,1.25
1282,16,2.40
1283,16,2.65
1284,16,3.00
1285,16,3.20
1286,16,4.30
1287,16,4.30
1288,16,4.30
1289,16,4.30
1290,16,4.35
1291,16,4.40
1292,16,4.50
1293,16,4.55
1294,16,4.60
1295,16,7.30
1296,16,4.90
1297,16,5.40
1298,16,5.55
1299,16,1.25
1300,16,1.25
1301,16,4.40
1302,16,4.55
1303,16,7.60
1304,16,4.75
1305,16,4.15
1306,16,3.20
1307,16,3.05
1308,16,2.95
1309,16,2.85
1310,16,2.80
1311,16,2.75
1312,16,2.75
1313,16,2.80
1314,16,2.80
1315,16,2.80
1316,16,2.90
1317,16,3.00
1318,16,3.20
1319,16,3.35
1320,16,3.55
1321,16,3.75
1322,16,4.05
1323,16,4.30
1324,16,3.55
1325,16,4.25
1326,16,1.25
1327,16,3.75
1328,16,4.25
1329,16,1.25
1330,16,1.25
1331,16,1.25
1332,16,2.00
1333,16,2.30
1334,16,2.70
1335,16,2.85
1336,16,3.95
1337,16,3.95
1338,16,3.95
1339,16,3.95
1340,16,4.00
1341,16,4.05
1342,16,4.15
1343,16,4.20
1344,16,4.25
1345,16,7.00
1346,16,4.55
1347,16,5.05
1348,16,5.20
1349,16,1.25
1350,16,2.20
1351,16,2.10
1352,16,2.10
1353,16,5.25
1354,16,2.45
1355,16,4.20
1356,16,3.35
1357,16,3.20
1358,16,3.10
1359,16,3.00
1360,16,2.95
1361,16,2.90
1362,16,2.80
1363,16,2.75
1364,16,2.75
1365,16,2.75
1366,16,2.95
1367,16,3.05
1368,16,3.25
1369,16,3.40
1370,16,3.60
1371,16,3.80
1372,16,4.10
1373,16,4.35
1374,16,3.60
1375,16,4.30
1376,16,4.60
1377,16,4.25
1378,16,3.75
1379,16,4.10
1380,16,3.85
1381,16,3.75
1382,16,3.50
1383,16,3.25
1384,16,2.90
1385,16,2.70
1386,16,2.35
1387,16,2.35
1388,16,2.35
1389,16,2.35
1390,16,2.25
1391,16,2.20
1392,16,2.10
1393,16,2.10
1394,16,2.10
1395,16,7.05
1396,16,4.60
1397,16,5.10
1398,16,5.25
1399,16,4.70
1400,16,5.10
1401,16,4.25
1402,16,4.40
1403,16,7.45
1404,16,4.65
1405,16,4.05
1406,16,3.05
1407,16,2.95
1408,16,2.80
1409,16,2.70
1410,16,2.65
1411,16,2.65
1412,16,2.65
1413,16,2.65
1414,16,2.65
1415,16,2.65
1416,16,2.75
1417,16,2.90
1418,16,3.05
1419,16,3.25
1420,16,3.40
1421,16,3.60
1422,16,3.95
1423,16,4.15
1424,16,3.40
1425,16,4.15
1426,16,1.25
1427,16,1.25
1428,16,4.10
1429,16,3.75
1430,16,1.25
1431,16,1.25
1432,16,1.25
1433,16,1.25
1434,16,2.55
1435,16,2.75
1436,16,3.85
1437,16,3.85
1438,16,3.85
1439,16,3.85
1440,16,3.90
1441,16,3.90
1442,16,4.00
1443,16,4.05
1444,16,4.15
1445,16,6.85
1446,16,4.45
1447,16,4.90
1448,16,5.10
1449,16,1.25
1450,16,2.35
1451,16,3.95
1452,16,4.15
1453,16,7.20
1454,16,4.35
1455,16,3.75
1456,16,2.80
1457,16,2.65
1458,16,2.55
1459,16,2.45
1460,16,2.40
1461,16,2.35
1462,16,2.35
1463,16,2.40
1464,16,2.40
1465,16,2.40
1466,16,2.50
1467,16,2.60
1468,16,2.80
1469,16,2.95
1470,16,3.15
1471,16,3.35
1472,16,3.65
1473,16,3.90
1474,16,3.15
1475,16,3.85
1476,16,1.25
1477,16,1.25
1478,16,3.85
1479,16,1.25
1480,16,3.75
1481,16,1.25
1482,16,1.25
1483,16,1.25
1484,16,2.25
1485,16,2.50
1486,16,3.55
1487,16,3.55
1488,16,3.55
1489,16,3.55
1490,16,3.60
1491,16,3.65
1492,16,3.75
1493,16,3.80
1494,16,3.85
1495,16,6.60
1496,16,4.15
1497,16,4.65
1498,16,4.80
1499,16,2.20
1500,16,2.60
1501,16,3.90
1502,16,4.05
1503,16,7.10
1504,16,4.25
1505,16,3.65
1506,16,2.70
1507,16,2.55
1508,16,2.45
1509,16,2.35
1510,16,2.30
1511,16,2.25
1512,16,2.25
1513,16,2.30
1514,16,2.30
1515,16,2.30
1516,16,2.40
1517,16,2.50
1518,16,2.70
1519,16,2.85
1520,16,3.05
1521,16,3.25
1522,16,3.55
1523,16,3.80
1524,16,3.05
1525,16,3.75
1526,16,1.25
1527,16,1.25
1528,16,3.75
1529,16,1.25
1530,16,1.25
1531,16,3.75
1532,16,1.25
1533,16,1.25
1534,16,2.10
1535,16,2.35
1536,16,3.45
1537,16,3.45
1538,16,3.45
1539,16,3.45
1540,16,3.50
1541,16,3.55
1542,16,3.65
1543,16,3.70
1544,16,3.75
1545,16,6.50
1546,16,4.05
1547,16,4.55
1548,16,4.70
1549,16,2.30
1550,16,2.70
1551,16,3.65
1552,16,3.80
1553,16,6.85
1554,16,4.05
1555,16,3.45
1556,16,2.45
1557,16,2.35
1558,16,2.20
1559,16,2.10
1560,16,2.05
1561,16,1.90
1562,16,1.90
1563,16,2.00
1564,16,2.00
1565,16,2.00
1566,16,2.15
1567,16,2.30
1568,16,2.50
1569,16,2.60
1570,16,2.80
1571,16,3.00
1572,16,3.35
1573,16,3.55
1574,16,2.80
1575,16,3.55
1576,16,2.40
1577,16,2.00
1578,16,3.50
1579,16,1.25
1580,16,1.25
1581,16,1.25
1582,16,3.75
1583,16,1.25
1584,16,1.75
1585,16,2.15
1586,16,3.25
1587,16,3.25
1588,16,3.25
1589,16,3.25
1590,16,3.25
1591,16,3.30
1592,16,3.40
1593,16,3.45
1594,16,3.55
1595,16,6.25
1596,16,3.85
1597,16,4.30
1598,16,4.45
1599,16,2.50
1600,16,2.95
1601,16,3.40
1602,16,3.55
1603,16,6.60
1604,16,3.80
1605,16,3.20
1606,16,2.20
1607,16,2.10
1608,16,1.90
1609,16,1.70
1610,16,1.60
1611,16,1.50
1612,16,1.25
1613,16,1.60
1614,16,1.60
1615,16,1.60
1616,16,1.80
1617,16,2.00
1618,16,2.20
1619,16,2.40
1620,16,2.55
1621,16,2.75
1622,16,3.10
1623,16,3.30
1624,16,2.55
1625,16,3.30
1626,16,2.65
1627,16,2.30
1628,16,3.25
1629,16,1.25
1630,16,1.25
1631,16,1.25
1632,16,1.25
1633,16,3.75
1634,16,1.25
1635,16,1.75
1636,16,2.95
1637,16,2.95
1638,16,2.95
1639,16,2.95
1640,16,3.00
1641,16,3.05
1642,16,3.15
1643,16,3.20
1644,16,3.30
1645,16,6.00
1646,16,3.60
1647,16,4.05
1648,16,4.20
1649,16,2.75
1650,16,3.20
1651,16,3.05
1652,16,3.20
1653,16,6.25
1654,16,3.40
1655,16,2.85
1656,16,1.75
1657,16,1.55
1658,16,1.40
1659,16,1.25
1660,16,1.25
1661,16,1.25
1662,16,1.25
1663,16,1.25
1664,16,1.25
1665,16,1.25
1666,16,1.30
1667,16,1.50
1668,16,1.80
1669,16,2.00
1670,16,2.25
1671,16,2.40
1672,16,2.75
1673,16,2.95
1674,16,2.20
1675,16,2.95
1676,16,3.00
1677,16,2.70
1678,16,2.90
1679,16,2.55
1680,16,2.25
1681,16,2.10
1682,16,1.75
1683,16,1.25
1684,16,3.75
1685,16,1.25
1686,16,2.55
1687,16,2.55
1688,16,2.55
1689,16,2.55
1690,16,2.65
1691,16,2.70
1692,16,2.80
1693,16,2.85
1694,16,2.90
1695,16,5.45
1696,16,3.25
1697,16,3.70
1698,16,3.90
1699,16,3.10
1700,16,3.55
1701,16,2.80
1702,16,3.00
1703,16,6.05
1704,16,3.20
1705,16,2.85
1706,16,2.00
1707,16,1.75
1708,16,1.60
1709,16,1.40
1710,16,1.30
1711,16,1.25
1712,16,1.25
1713,16,1.25
1714,16,1.25
1715,16,1.25
1716,16,1.25
1717,16,1.40
1718,16,1.75
1719,16,2.00
1720,16,2.20
1721,16,2.40
1722,16,2.75
1723,16,2.95
1724,16,2.25
1725,16,2.95
1726,16,3.20
1727,16,2.85
1728,16,2.70
1729,16,2.75
1730,16,2.50
1731,16,2.35
1732,16,2.15
1733,16,1.75
1734,16,1.25
1735,16,3.75
1736,16,2.10
1737,16,2.10
1738,16,2.10
1739,16,2.10
1740,16,2.25
1741,16,2.30
1742,16,2.50
1743,16,2.60
1744,16,2.70
1745,16,5.40
1746,16,3.25
1747,16,3.70
1748,16,3.90
1749,16,3.30
1750,16,3.75
1751,16,2.55
1752,16,2.85
1753,16,5.90
1754,16,3.05
1755,16,3.90
1756,16,3.05
1757,16,2.95
1758,16,2.85
1759,16,2.70
1760,16,2.65
1761,16,2.55
1762,16,2.40
1763,16,2.25
1764,16,2.25
1765,16,2.25
1766,16,2.55
1767,16,2.75
1768,16,2.95
1769,16,3.10
1770,16,3.30
1771,16,3.50
1772,16,3.80
1773,16,4.05
1774,16,3.30
1775,16,4.05
1776,16,4.30
1777,16,3.95
1778,16,2.35
1779,16,3.85
1780,16,3.55
1781,16,3.45
1782,16,3.25
1783,16,2.95
1784,16,2.55
1785,16,2.10
1786,16,3.75
1787,16,1.25
1788,16,1.25
1789,16,1.25
1790,16,1.25
1791,16,1.25
1792,16,1.25
1793,16,1.25
1794,16,2.15
1795,16,6.70
1796,16,4.35
1797,16,4.80
1798,16,4.95
1799,16,4.40
1800,16,4.80
1801,16,2.55
1802,16,2.85
1803,16,5.90
1804,16,3.05
1805,16,3.90
1806,16,3.05
1807,16,2.95
1808,16,2.85
1809,16,2.70
1810,16,2.65
1811,16,2.55
1812,16,2.40
1813,16,2.25
1814,16,2.25
1815,16,2.25
1816,16,2.55
1817,16,2.75
1818,16,2.95
1819,16,3.10
1820,16,3.30
1821,16,3.50
1822,16,3.80
1823,16,4.05
1824,16,3.30
1825,16,4.05
1826,16,4.30
1827,16,3.95
1828,16,2.35
1829,16,3.85
1830,16,3.55
1831,16,3.45
1832,16,3.25
1833,16,2.95
1834,16,2.55
1835,16,2.10
1836,16,1.25
1837,16,3.75
1838,16,1.25
1839,16,1.25
1840,16,1.25
1841,16,1.25
1842,16,1.25
1843,16,1.25
1844,16,2.15
1845,16,6.70
1846,16,4.35
1847,16,4.80
1848,16,4.95
1849,16,4.40
1850,16,4.80
1851,16,2.55
1852,16,2.85
1853,16,5.90
1854,16,3.05
1855,16,3.90
1856,16,3.05
1857,16,2.95
1858,16,2.85
1859,16,2.70
1860,16,2.65
1861,16,2.55
1862,16,2.40
1863,16,2.25
1864,16,2.25
1865,16,2.25
1866,16,2.55
1867,16,2.75
1868,16,2.95
1869,16,3.10
1870,16,3.30
1871,16,3.50
1872,16,3.80
1873,16,4.05
1874,16,3.30
1875,16,4.05
1876,16,4.30
1877,16,3.95
1878,16,2.35
1879,16,3.85
1880,16,3.55
1881,16,3.45
1882,16,3.25
1883,16,2.95
1884,16,2.55
1885,16,2.10
1886,16,1.25
1887,16,1.25
1888,16,3.75
1889,16,1.25
1890,16,1.25
1891,16,1.25
1892,16,1.25
1893,16,1.25
1894,16,2.15
1895,16,6.70
1896,16,4.35
1897,16,4.80
1898,16,4.95
1899,16,4.40
1900,16,4.80
1901,16,2.55
1902,16,2.85
1903,16,5.90
1904,16,3.05
1905,16,3.90
1906,16,3.05
1907,16,2.95
1908,16,2.85
1909,16,2.70
1910,16,2.65
1911,16,2.55
1912,16,2.40
1913,16,2.25
1914,16,2.25
1915,16,2.25
1916,16,2.55
1917,16,2.75
1918,16,2.95
1919,16,3.10
1920,16,3.30
1921,16,3.50
1922,16,3.80
1923,16,4.05
1924,16,3.30
1925,16,4.05
1926,16,4.30
1927,16,3.95
1928,16,2.35
1929,16,3.85
1930,16,3.55
1931,16,3.45
1932,16,3.25
1933,16,2.95
1934,16,2.55
1935,16,2.10
1936,16,1.25
1937,16,1.25
1938,16,1.25
1939,16,3.75
1940,16,1.25
1941,16,1.25
1942,16,1.25
1943,16,1.25
1944,16,2.15
1945,16,6.70
1946,16,4.35
1947,16,4.80
1948,16,4.95
1949,16,4.40
1950,16,4.80
1951,16,2.45
1952,16,2.70
1953,16,5.85
1954,16,3.00
1955,16,3.95
1956,16,3.10
1957,16,3.00
1958,16,2.85
1959,16,2.75
1960,16,2.70
1961,16,2.65
1962,16,2.50
1963,16,2.35
1964,16,2.35
1965,16,2.35
1966,16,2.65
1967,16,2.80
1968,16,3.00
1969,16,3.15
1970,16,3.35
1971,16,3.55
1972,16,3.85
1973,16,4.10
1974,16,3.35
1975,16,4.10
1976,16,4.35
1977,16,4.00
1978,16,2.25
1979,16,3.90
1980,16,3.60
1981,16,3.50
1982,16,3.25
1983,16,3.00
1984,16,2.65
1985,16,2.25
1986,16,1.25
1987,16,1.25
1988,16,1.25
1989,16,1.25
1990,16,3.75
1991,16,1.25
1992,16,1.25
1993,16,1.25
1994,16,2.00
1995,16,6.80
1996,16,4.35
1997,16,4.85
1998,16,5.00
1999,16,4.45
2000,16,4.85
2001,16,2.40
2002,16,2.65
2003,16,5.80
2004,16,3.00
2005,16,4.00
2006,16,3.15
2007,16,3.00
2008,16,2.90
2009,16,2.80
2010,16,2.75
2011,16,2.70
2012,16,2.55
2013,16,2.45
2014,16,2.45
2015,16,2.45
2016,16,2.75
2017,16,2.85
2018,16,3.05
2019,16,3.20
2020,16,3.40
2021,16,3.60
2022,16,3.90
2023,16,4.10
2024,16,3.40
2025,16,4.10
2026,16,4.40
2027,16,4.05
2028,16,2.20
2029,16,3.90
2030,16,3.65
2031,16,3.55
2032,16,3.30
2033,16,3.05
2034,16,2.70
2035,16,2.30
2036,16,1.25
2037,16,1.25
2038,16,1.25
2039,16,1.25
2040,16,1.25
2041,16,3.75
2042,16,1.25
2043,16,1.25
2044,16,2.00
2045,16,6.80
2046,16,4.40
2047,16,4.90
2048,16,5.05
2049,16,4.50
2050,16,4.90
2051,16,2.20
2052,16,2.50
2053,16,5.60
2054,16,2.80
2055,16,4.10
2056,16,3.25
2057,16,3.10
2058,16,3.00
2059,16,2.90
2060,16,2.85
2061,16,2.80
2062,16,2.70
2063,16,2.60
2064,16,2.60
2065,16,2.60
2066,16,2.80
2067,16,2.95
2068,16,3.15
2069,16,3.30
2070,16,3.50
2071,16,3.70
2072,16,4.00
2073,16,4.20
2074,16,3.50
2075,16,4.20
2076,16,4.50
2077,16,4.15
2078,16,2.10
2079,16,4.00
2080,16,3.75
2081,16,3.65
2082,16,3.40
2083,16,3.15
2084,16,2.80
2085,16,2.50
2086,16,1.25
2087,16,1.25
2088,16,1.25
2089,16,1.25
2090,16,1.25
2091,16,1.25
2092,16,3.75
2093,16,1.25
2094,16,2.00
2095,16,6.90
2096,16,4.50
2097,16,5.00
2098,16,5.15
2099,16,4.60
2100,16,5.00
2101,16,2.10
2102,16,2.40
2103,16,5.55
2104,16,2.75
2105,16,4.15
2106,16,3.30
2107,16,3.15
2108,16,3.05
2109,16,2.90
2110,16,2.90
2111,16,2.85
2112,16,2.75
2113,16,2.70
2114,16,2.70
2115,16,2.70
2116,16,2.85
2117,16,3.00
2118,16,3.20
2119,16,3.35
2120,16,3.55
2121,16,3.70
2122,16,4.05
2123,16,4.25
2124,16,3.55
2125,16,4.25
2126,16,4.55
2127,16,4.20
2128,16,2.10
2129,16,4.05
2130,16,3.80
2131,16,3.70
2132,16,3.45
2133,16,3.20
2134,16,2.85
2135,16,2.60
2136,16,1.25
2137,16,1.25
2138,16,1.25
2139,16,1.25
2140,16,1.25
2141,16,1.25
2142,16,1.25
2143,16,3.75
2144,16,2.00
2145,16,6.95
2146,16,4.55
2147,16,5.05
2148,16,5.20
2149,16,4.65
2150,16,5.05
2151,16,2.10
2152,16,2.10
2153,16,5.40
2154,16,2.60
2155,16,4.25
2156,16,3.40
2157,16,3.25
2158,16,3.15
2159,16,3.00
2160,16,2.95
2161,16,2.90
2162,16,2.85
2163,16,2.75
2164,16,2.75
2165,16,2.75
2166,16,2.95
2167,16,3.10
2168,16,3.25
2169,16,3.45
2170,16,3.60
2171,16,3.80
2172,16,4.15
2173,16,4.35
2174,16,3.60
2175,16,4.35
2176,16,4.60
2177,16,4.25
2178,16,2.10
2179,16,4.15
2180,16,3.85
2181,16,3.75
2182,16,3.55
2183,16,3.30
2184,16,2.90
2185,16,2.70
2186,16,2.15
2187,16,2.15
2188,16,2.15
2189,16,2.15
2190,16,2.00
2191,16,2.00
2192,16,2.00
2193,16,2.00
2194,16,3.75
2195,16,7.05
2196,16,4.65
2197,16,5.10
2198,16,5.25
2199,16,4.70
2200,16,5.15
2201,16,7.15
2202,16,7.30
2203,16,10.35
2204,16,7.55
2205,16,6.45
2206,16,6.20
2207,16,6.05
2208,16,5.95
2209,16,5.75
2210,16,5.65
2211,16,5.55
2212,16,5.40
2213,16,5.25
2214,16,5.25
2215,16,5.25
2216,16,5.25
2217,16,3.95
2218,16,5.25
2219,16,5.25
2220,16,5.65
2221,16,5.95
2222,16,6.35
2223,16,6.55
2224,16,5.65
2225,16,6.55
2226,16,7.30
2227,16,7.00
2228,16,7.05
2229,16,6.85
2230,16,6.60
2231,16,6.50
2232,16,6.25
2233,16,6.00
2234,16,5.45
2235,16,5.40
2236,16,6.70
2237,16,6.70
2238,16,6.70
2239,16,6.70
2240,16,6.80
2241,16,6.80
2242,16,6.90
2243,16,6.95
2244,16,7.05
2245,16,3.75
2246,16,6.85
2247,16,7.35
2248,16,7.50
2249,16,7.45
2250,16,7.85
2251,16,4.75
2252,16,4.90
2253,16,7.95
2254,16,5.15
2255,16,3.35
2256,16,3.80
2257,16,3.65
2258,16,3.55
2259,16,3.40
2260,16,3.40
2261,16,3.35
2262,16,3.25
2263,16,3.20
2264,16,3.20
2265,16,3.20
2266,16,3.00
2267,16,2.90
2268,16,2.70
2269,16,2.55
2270,16,2.35
2271,16,1.25
2272,16,1.25
2273,16,1.25
2274,16,2.70
2275,16,3.45
2276,16,4.90
2277,16,4.55
2278,16,4.60
2279,16,4.45
2280,16,4.15
2281,16,4.05
2282,16,3.85
2283,16,3.60
2284,16,3.25
2285,16,3.25
2286,16,4.35
2287,16,4.35
2288,16,4.35
2289,16,4.35
2290,16,4.35
2291,16,4.40
2292,16,4.50
2293,16,4.55
2294,16,4.65
2295,16,6.85
2296,16,3.75
2297,16,1.55
2298,16,1.80
2299,16,5.00
2300,16,5.45
2301,16,5.20
2302,16,5.40
2303,16,8.45
2304,16,5.60
2305,16,3.80
2306,16,4.25
2307,16,4.15
2308,16,4.00
2309,16,3.90
2310,16,3.85
2311,16,3.80
2312,16,3.70
2313,16,3.65
2314,16,3.65
2315,16,3.65
2316,16,3.50
2317,16,3.35
2318,16,3.15
2319,16,3.00
2320,16,2.85
2321,16,2.65
2322,16,2.30
2323,16,2.00
2324,16,3.20
2325,16,3.95
2326,16,5.40
2327,16,5.05
2328,16,5.10
2329,16,4.90
2330,16,4.65
2331,16,4.55
2332,16,4.30
2333,16,4.05
2334,16,3.70
2335,16,3.70
2336,16,4.80
2337,16,4.80
2338,16,4.80
2339,16,4.80
2340,16,4.85
2341,16,4.90
2342,16,5.00
2343,16,5.05
2344,16,5.10
2345,16,7.35
2346,16,1.55
2347,16,3.75
2348,16,1.25
2349,16,5.50
2350,16,5.90
2351,16,5.40
2352,16,5.55
2353,16,8.60
2354,16,5.75
2355,16,4.00
2356,16,4.45
2357,16,4.30
2358,16,4.20
2359,16,4.05
2360,16,4.05
2361,16,3.95
2362,16,3.90
2363,16,3.85
2364,16,3.85
2365,16,3.85
2366,16,3.65
2367,16,3.50
2368,16,3.35
2369,16,3.20
2370,16,3.00
2371,16,2.80
2372,16,2.50
2373,16,2.25
2374,16,3.35
2375,16,4.10
2376,16,5.55
2377,16,5.20
2378,16,5.25
2379,16,5.10
2380,16,4.80
2381,16,4.70
2382,16,4.45
2383,16,4.20
2384,16,3.90
2385,16,3.90
2386,16,4.95
2387,16,4.95
2388,16,4.95
2389,16,4.95
2390,16,5.00
2391,16,5.05
2392,16,5.15
2393,16,5.20
2394,16,5.25
2395,16,7.50
2396,16,1.80
2397,16,1.25
2398,16,3.75
2399,16,5.65
2400,16,6.05
2401,16,4.80
2402,16,5.00
2403,16,8.05
2404,16,5.20
2405,16,4.60
2406,16,3.65
2407,16,3.50
2408,16,3.40
2409,16,3.25
2410,16,3.25
2411,16,3.20
2412,16,3.20
2413,16,3.25
2414,16,3.25
2415,16,3.25
2416,16,3.35
2417,16,3.45
2418,16,3.65
2419,16,3.80
2420,16,4.00
2421,16,4.20
2422,16,4.50
2423,16,4.75
2424,16,4.00
2425,16,4.70
2426,16,1.25
2427,16,1.25
2428,16,4.70
2429,16,1.25
2430,16,2.20
2431,16,2.30
2432,16,2.50
2433,16,2.75
2434,16,3.10
2435,16,3.30
2436,16,4.40
2437,16,4.40
2438,16,4.40
2439,16,4.40
2440,16,4.45
2441,16,4.50
2442,16,4.60
2443,16,4.65
2444,16,4.70
2445,16,7.45
2446,16,5.00
2447,16,5.50
2448,16,5.65
2449,16,3.75
2450,16,1.25
2451,16,5.25
2452,16,5.40
2453,16,8.45
2454,16,5.65
2455,16,5.05
2456,16,4.05
2457,16,3.90
2458,16,3.80
2459,16,3.70
2460,16,3.65
2461,16,3.65
2462,16,3.65
2463,16,3.65
2464,16,3.65
2465,16,3.65
2466,16,3.75
2467,16,3.90
2468,16,4.05
2469,16,4.20
2470,16,4.40
2471,16,4.60
2472,16,4.95
2473,16,5.15
2474,16,4.40
2475,16,5.15
2476,16,1.25
2477,16,2.20
2478,16,5.10
2479,16,2.35
2480,16,2.60
2481,16,2.70
2482,16,2.95
2483,16,3.20
2484,16,3.55
2485,16,3.75
2486,16,4.80
2487,16,4.80
2488,16,4.80
2489,16,4.80
2490,16,4.85
2491,16,4.90
2492,16,5.00
2493,16,5.05
2494,16,5.15
2495,16,7.85
2496,16,5.45
2497,16,5.90
2498,16,6.05
2499,16,1.25
2500,16,3.75