fare_id,price,currency_type,payment_method,transfers,transfer_duration
1,7.55,USD,1,,
2,4.25,USD,1,,
3,10.10,USD,1,,
4,4.25,USD,1,,
5,8.70,USD,1,,
6,7.00,USD,1,,
7,6.70,USD,1,,
8,6.50,USD,1,,
9,6.25,USD,1,,
10,6.15,USD,1,,
11,6.05,USD,1,,
12,5.90,USD,1,,
13,5.75,USD,1,,
14,5.75,USD,1,,
15,5.75,USD,1,,
16,6.15,USD,1,,
17,6.40,USD,1,,
18,6.75,USD,1,,
19,7.10,USD,1,,
20,7.45,USD,1,,
21,7.85,USD,1,,
22,8.50,USD,1,,
23,8.95,USD,1,,
24,7.45,USD,1,,
25,8.90,USD,1,,
26,9.45,USD,1,,
27,8.80,USD,1,,
28,4.25,USD,1,,
29,8.50,USD,1,,
30,7.95,USD,1,,
31,7.80,USD,1,,
32,7.30,USD,1,,
33,6.80,USD,1,,
34,6.10,USD,1,,
35,5.65,USD,1,,
36,5.15,USD,1,,
37,5.15,USD,1,,
38,5.15,USD,1,,
39,5.15,USD,1,,
40,4.95,USD,1,,
41,4.80,USD,1,,
42,4.45,USD,1,,
43,4.25,USD,1,,
44,4.25,USD,1,,
45,14.30,USD,1,,
46,9.50,USD,1,,
47,10.45,USD,1,,
48,10.80,USD,1,,
49,9.65,USD,1,,
50,10.50,USD,1,,
51,4.25,USD,1,,
52,7.55,USD,1,,
53,10.10,USD,1,,
54,4.25,USD,1,,
55,9.05,USD,1,,
56,7.35,USD,1,,
57,7.05,USD,1,,
58,6.85,USD,1,,
59,6.60,USD,1,,
60,6.50,USD,1,,
61,6.40,USD,1,,
62,6.25,USD,1,,
63,6.10,USD,1,,
64,6.10,USD,1,,
65,6.10,USD,1,,
66,6.50,USD,1,,
67,6.75,USD,1,,
68,7.10,USD,1,,
69,7.45,USD,1,,
70,7.80,USD,1,,
71,8.20,USD,1,,
72,8.85,USD,1,,
73,9.30,USD,1,,
74,7.80,USD,1,,
75,9.25,USD,1,,
76,9.80,USD,1,,
77,9.10,USD,1,,
78,4.25,USD,1,,
79,8.85,USD,1,,
80,8.30,USD,1,,
81,8.10,USD,1,,
82,7.65,USD,1,,
83,7.15,USD,1,,
84,6.40,USD,1,,
85,6.00,USD,1,,
86,5.70,USD,1,,
87,5.70,USD,1,,
88,5.70,USD,1,,
89,5.70,USD,1,,
90,5.45,USD,1,,
91,5.30,USD,1,,
92,5.00,USD,1,,
93,4.80,USD,1,,
94,4.25,USD,1,,
95,14.65,USD,1,,
96,9.85,USD,1,,
97,10.80,USD,1,,
98,11.10,USD,1,,
99,10.00,USD,1,,
100,10.85,USD,1,,
101,10.10,USD,1,,
102,10.10,USD,1,,
103,7.55,USD,1,,
104,5.85,USD,1,,
105,15.15,USD,1,,
106,13.45,USD,1,,
107,13.15,USD,1,,
108,12.95,USD,1,,
109,12.70,USD,1,,
110,12.60,USD,1,,
111,12.50,USD,1,,
112,12.35,USD,1,,
113,12.20,USD,1,,
114,12.20,USD,1,,
115,12.20,USD,1,,
116,12.60,USD,1,,
117,12.85,USD,1,,
118,13.20,USD,1,,
119,13.55,USD,1,,
120,13.90,USD,1,,
121,14.30,USD,1,,
122,14.95,USD,1,,
123,15.40,USD,1,,
124,13.90,USD,1,,
125,15.35,USD,1,,
126,15.90,USD,1,,
127,15.20,USD,1,,
128,10.50,USD,1,,
129,14.95,USD,1,,
130,14.40,USD,1,,
131,14.20,USD,1,,
132,13.75,USD,1,,
133,13.25,USD,1,,
134,12.55,USD,1,,
135,12.10,USD,1,,
136,11.80,USD,1,,
137,11.80,USD,1,,
138,11.80,USD,1,,
139,11.80,USD,1,,
140,11.70,USD,1,,
141,11.60,USD,1,,
142,11.25,USD,1,,
143,11.10,USD,1,,
144,10.80,USD,1,,
145,20.75,USD,1,,
146,15.95,USD,1,,
147,16.90,USD,1,,
148,17.25,USD,1,,
149,16.10,USD,1,,
150,16.95,USD,1,,
151,4.25,USD,1,,
152,4.25,USD,1,,
153,5.85,USD,1,,
154,7.55,USD,1,,
155,9.45,USD,1,,
156,7.75,USD,1,,
157,7.50,USD,1,,
158,7.30,USD,1,,
159,7.05,USD,1,,
160,6.95,USD,1,,
161,6.85,USD,1,,
162,6.70,USD,1,,
163,6.55,USD,1,,
164,6.55,USD,1,,
165,6.55,USD,1,,
166,6.90,USD,1,,
167,7.15,USD,1,,
168,7.55,USD,1,,
169,7.85,USD,1,,
170,8.25,USD,1,,
171,8.60,USD,1,,
172,9.25,USD,1,,
173,9.70,USD,1,,
174,8.25,USD,1,,
175,9.70,USD,1,,
176,10.25,USD,1,,
177,9.55,USD,1,,
178,4.90,USD,1,,
179,9.30,USD,1,,
180,8.75,USD,1,,
181,8.55,USD,1,,
182,8.10,USD,1,,
183,7.60,USD,1,,
184,6.85,USD,1,,
185,6.45,USD,1,,
186,6.15,USD,1,,
187,6.15,USD,1,,
188,6.15,USD,1,,
189,6.15,USD,1,,
190,6.05,USD,1,,
191,6.00,USD,1,,
192,5.65,USD,1,,
193,5.50,USD,1,,
194,5.20,USD,1,,
195,15.10,USD,1,,
196,10.30,USD,1,,
197,11.25,USD,1,,
198,11.55,USD,1,,
199,10.45,USD,1,,
200,11.30,USD,1,,
201,8.70,USD,1,,
202,9.05,USD,1,,
203,15.15,USD,1,,
204,9.45,USD,1,,
205,7.55,USD,1,,
206,6.80,USD,1,,
207,6.50,USD,1,,
208,6.30,USD,1,,
209,6.05,USD,1,,
210,6.00,USD,1,,
211,5.90,USD,1,,
212,5.70,USD,1,,
213,5.60,USD,1,,
214,5.60,USD,1,,
215,5.60,USD,1,,
216,5.25,USD,1,,
217,5.00,USD,1,,
218,4.65,USD,1,,
219,2.55,USD,1,,
220,4.65,USD,1,,
221,5.05,USD,1,,
222,5.70,USD,1,,
223,6.15,USD,1,,
224,2.55,USD,1,,
225,2.55,USD,1,,
226,9.05,USD,1,,
227,8.35,USD,1,,
228,8.45,USD,1,,
229,8.10,USD,1,,
230,7.55,USD,1,,
231,7.35,USD,1,,
232,6.90,USD,1,,
233,6.40,USD,1,,
234,5.70,USD,1,,
235,5.70,USD,1,,
236,7.85,USD,1,,
237,7.85,USD,1,,
238,7.85,USD,1,,
239,7.85,USD,1,,
240,7.95,USD,1,,
241,8.05,USD,1,,
242,8.25,USD,1,,
243,8.30,USD,1,,
244,8.50,USD,1,,
245,12.90,USD,1,,
246,6.70,USD,1,,
247,7.65,USD,1,,
248,8.00,USD,1,,
249,9.25,USD,1,,
250,10.10,USD,1,,
251,7.00,USD,1,,
252,7.35,USD,1,,
253,13.45,USD,1,,
254,7.75,USD,1,,
255,6.80,USD,1,,
256,7.55,USD,1,,
257,2.55,USD,1,,
258,2.55,USD,1,,
259,2.55,USD,1,,
260,2.55,USD,1,,
261,2.55,USD,1,,
262,3.55,USD,1,,
263,3.80,USD,1,,
264,3.80,USD,1,,
265,3.80,USD,1,,
266,4.20,USD,1,,
267,4.50,USD,1,,
268,4.90,USD,1,,
269,5.20,USD,1,,
270,5.55,USD,1,,
271,5.95,USD,1,,
272,6.60,USD,1,,
273,7.05,USD,1,,
274,5.55,USD,1,,
275,7.00,USD,1,,
276,7.10,USD,1,,
277,6.40,USD,1,,
278,6.75,USD,1,,
279,6.15,USD,1,,
280,5.60,USD,1,,
281,5.40,USD,1,,
282,4.95,USD,1,,
283,4.45,USD,1,,
284,3.55,USD,1,,
285,4.00,USD,1,,
286,6.15,USD,1,,
287,6.15,USD,1,,
288,6.15,USD,1,,
289,6.15,USD,1,,
290,6.25,USD,1,,
291,6.35,USD,1,,
292,6.50,USD,1,,
293,6.60,USD,1,,
294,6.80,USD,1,,
295,12.45,USD,1,,
296,7.60,USD,1,,
297,8.55,USD,1,,
298,8.90,USD,1,,
299,7.30,USD,1,,
300,8.15,USD,1,,
301,6.70,USD,1,,
302,7.05,USD,1,,
303,13.15,USD,1,,
304,7.50,USD,1,,
305,6.50,USD,1,,
306,2.55,USD,1,,
307,7.55,USD,1,,
308,2.55,USD,1,,
309,2.55,USD,1,,
310,2.55,USD,1,,
311,2.55,USD,1,,
312,3.05,USD,1,,
313,3.35,USD,1,,
314,3.35,USD,1,,
315,3.35,USD,1,,
316,3.95,USD,1,,
317,4.20,USD,1,,
318,4.60,USD,1,,
319,4.90,USD,1,,
320,5.30,USD,1,,
321,5.70,USD,1,,
322,6.30,USD,1,,
323,6.80,USD,1,,
324,5.30,USD,1,,
325,6.75,USD,1,,
326,6.80,USD,1,,
327,6.15,USD,1,,
328,6.45,USD,1,,
329,5.90,USD,1,,
330,5.35,USD,1,,
331,5.15,USD,1,,
332,4.70,USD,1,,
333,4.20,USD,1,,
334,3.15,USD,1,,
335,3.55,USD,1,,
336,5.90,USD,1,,
337,5.90,USD,1,,
338,5.90,USD,1,,
339,5.90,USD,1,,
340,6.00,USD,1,,
341,6.05,USD,1,,
342,6.25,USD,1,,
343,6.35,USD,1,,
344,6.50,USD,1,,
345,12.15,USD,1,,
346,7.35,USD,1,,
347,8.30,USD,1,,
348,8.60,USD,1,,
349,7.05,USD,1,,
350,7.85,USD,1,,
351,6.50,USD,1,,
352,6.85,USD,1,,
353,12.95,USD,1,,
354,7.30,USD,1,,
355,6.30,USD,1,,
356,2.55,USD,1,,
357,2.55,USD,1,,
358,7.55,USD,1,,
359,2.55,USD,1,,
360,2.55,USD,1,,
361,2.55,USD,1,,
362,2.70,USD,1,,
363,3.00,USD,1,,
364,3.00,USD,1,,
365,3.00,USD,1,,
366,3.60,USD,1,,
367,4.00,USD,1,,
368,4.40,USD,1,,
369,4.70,USD,1,,
370,5.05,USD,1,,
371,5.45,USD,1,,
372,6.10,USD,1,,
373,6.55,USD,1,,
374,5.05,USD,1,,
375,6.50,USD,1,,
376,6.60,USD,1,,
377,5.95,USD,1,,
378,6.25,USD,1,,
379,5.65,USD,1,,
380,5.15,USD,1,,
381,4.95,USD,1,,
382,4.45,USD,1,,
383,3.85,USD,1,,
384,2.80,USD,1,,
385,3.20,USD,1,,
386,5.70,USD,1,,
387,5.70,USD,1,,
388,5.70,USD,1,,
389,5.70,USD,1,,
390,5.75,USD,1,,
391,5.85,USD,1,,
392,6.05,USD,1,,
393,6.10,USD,1,,
394,6.30,USD,1,,
395,11.95,USD,1,,
396,7.10,USD,1,,
397,8.05,USD,1,,
398,8.40,USD,1,,
399,6.80,USD,1,,
400,7.65,USD,1,,
401,6.25,USD,1,,
402,6.60,USD,1,,
403,12.70,USD,1,,
404,7.05,USD,1,,
405,6.05,USD,1,,
406,2.55,USD,1,,
407,2.55,USD,1,,
408,2.55,USD,1,,
409,7.55,USD,1,,
410,2.55,USD,1,,
411,2.55,USD,1,,
412,2.55,USD,1,,
413,2.55,USD,1,,
414,2.55,USD,1,,
415,2.55,USD,1,,
416,3.15,USD,1,,
417,3.60,USD,1,,
418,4.15,USD,1,,
419,4.45,USD,1,,
420,4.85,USD,1,,
421,5.20,USD,1,,
422,5.85,USD,1,,
423,6.30,USD,1,,
424,4.80,USD,1,,
425,6.25,USD,1,,
426,6.35,USD,1,,
427,5.70,USD,1,,
428,6.00,USD,1,,
429,5.40,USD,1,,
430,4.90,USD,1,,
431,4.70,USD,1,,
432,4.20,USD,1,,
433,3.45,USD,1,,
434,2.55,USD,1,,
435,2.80,USD,1,,
436,5.40,USD,1,,
437,5.40,USD,1,,
438,5.40,USD,1,,
439,5.40,USD,1,,
440,5.50,USD,1,,
441,5.60,USD,1,,
442,5.80,USD,1,,
443,5.85,USD,1,,
444,6.05,USD,1,,
445,11.50,USD,1,,
446,6.85,USD,1,,
447,7.80,USD,1,,
448,8.15,USD,1,,
449,6.55,USD,1,,
450,7.40,USD,1,,
451,6.15,USD,1,,
452,6.50,USD,1,,
453,12.60,USD,1,,
454,6.95,USD,1,,
455,6.00,USD,1,,
456,2.55,USD,1,,
457,2.55,USD,1,,
458,2.55,USD,1,,
459,2.55,USD,1,,
460,7.55,USD,1,,
461,2.55,USD,1,,
462,2.55,USD,1,,
463,2.55,USD,1,,
464,2.55,USD,1,,
465,2.55,USD,1,,
466,3.00,USD,1,,
467,3.40,USD,1,,
468,4.05,USD,1,,
469,4.40,USD,1,,
470,4.75,USD,1,,
471,5.15,USD,1,,
472,5.80,USD,1,,
473,6.25,USD,1,,
474,4.75,USD,1,,
475,6.20,USD,1,,
476,6.30,USD,1,,
477,5.60,USD,1,,
478,5.95,USD,1,,
479,5.35,USD,1,,
480,4.80,USD,1,,
481,4.60,USD,1,,
482,4.10,USD,1,,
483,3.25,USD,1,,
484,2.55,USD,1,,
485,2.65,USD,1,,
486,5.30,USD,1,,
487,5.30,USD,1,,
488,5.30,USD,1,,
489,5.30,USD,1,,
490,5.45,USD,1,,
491,5.50,USD,1,,
492,5.70,USD,1,,
493,5.80,USD,1,,
494,5.95,USD,1,,
495,11.35,USD,1,,
496,6.80,USD,1,,
497,7.75,USD,1,,
498,8.10,USD,1,,
499,6.50,USD,1,,
500,7.35,USD,1,,
501,6.05,USD,1,,
502,6.40,USD,1,,
503,12.50,USD,1,,
504,6.85,USD,1,,
505,5.90,USD,1,,
506,2.55,USD,1,,
507,2.55,USD,1,,
508,2.55,USD,1,,
509,2.55,USD,1,,
510,2.55,USD,1,,
511,7.55,USD,1,,
512,2.55,USD,1,,
513,2.55,USD,1,,
514,2.55,USD,1,,
515,2.55,USD,1,,
516,2.80,USD,1,,
517,3.20,USD,1,,
518,3.85,USD,1,,
519,4.25,USD,1,,
520,4.65,USD,1,,
521,5.05,USD,1,,
522,5.70,USD,1,,
523,6.10,USD,1,,
524,4.65,USD,1,,
525,6.10,USD,1,,
526,6.25,USD,1,,
527,5.55,USD,1,,
528,5.80,USD,1,,
529,5.30,USD,1,,
530,4.75,USD,1,,
531,4.50,USD,1,,
532,3.85,USD,1,,
533,3.05,USD,1,,
534,2.55,USD,1,,
535,2.55,USD,1,,
536,5.10,USD,1,,
537,5.10,USD,1,,
538,5.10,USD,1,,
539,5.10,USD,1,,
540,5.35,USD,1,,
541,5.40,USD,1,,
542,5.60,USD,1,,
543,5.70,USD,1,,
544,5.85,USD,1,,
545,11.15,USD,1,,
546,6.70,USD,1,,
547,7.65,USD,1,,
548,7.95,USD,1,,
549,6.45,USD,1,,
550,7.30,USD,1,,
551,5.90,USD,1,,
552,6.25,USD,1,,
553,12.35,USD,1,,
554,6.70,USD,1,,
555,5.70,USD,1,,
556,3.55,USD,1,,
557,3.05,USD,1,,
558,2.70,USD,1,,
559,2.55,USD,1,,
560,2.55,USD,1,,
561,2.55,USD,1,,
562,7.55,USD,1,,
563,2.55,USD,1,,
564,2.55,USD,1,,
565,2.55,USD,1,,
566,2.55,USD,1,,
567,2.95,USD,1,,
568,3.55,USD,1,,
569,4.05,USD,1,,
570,4.50,USD,1,,
571,4.85,USD,1,,
572,5.50,USD,1,,
573,5.95,USD,1,,
574,4.45,USD,1,,
575,5.90,USD,1,,
576,6.25,USD,1,,
577,5.55,USD,1,,
578,5.65,USD,1,,
579,5.30,USD,1,,
580,4.75,USD,1,,
581,4.50,USD,1,,
582,3.80,USD,1,,
583,2.55,USD,1,,
584,2.55,USD,1,,
585,2.55,USD,1,,
586,4.80,USD,1,,
587,4.80,USD,1,,
588,4.80,USD,1,,
589,4.80,USD,1,,
590,5.00,USD,1,,
591,5.15,USD,1,,
592,5.45,USD,1,,
593,5.50,USD,1,,
594,5.70,USD,1,,
595,10.85,USD,1,,
596,6.50,USD,1,,
597,7.45,USD,1,,
598,7.80,USD,1,,
599,6.45,USD,1,,
600,7.30,USD,1,,
601,5.75,USD,1,,
602,6.10,USD,1,,
603,12.20,USD,1,,
604,6.55,USD,1,,
605,5.60,USD,1,,
606,3.80,USD,1,,
607,3.35,USD,1,,
608,3.00,USD,1,,
609,2.55,USD,1,,
610,2.55,USD,1,,
611,2.55,USD,1,,
612,2.55,USD,1,,
613,7.55,USD,1,,
614,2.55,USD,1,,
615,2.55,USD,1,,
616,2.55,USD,1,,
617,2.55,USD,1,,
618,3.25,USD,1,,
619,3.75,USD,1,,
620,4.35,USD,1,,
621,4.75,USD,1,,
622,5.40,USD,1,,
623,5.85,USD,1,,
624,4.35,USD,1,,
625,5.80,USD,1,,
626,6.30,USD,1,,
627,5.60,USD,1,,
628,5.55,USD,1,,
629,5.35,USD,1,,
630,4.80,USD,1,,
631,4.60,USD,1,,
632,4.00,USD,1,,
633,3.20,USD,1,,
634,2.55,USD,1,,
635,2.55,USD,1,,
636,4.50,USD,1,,
637,4.50,USD,1,,
638,4.50,USD,1,,
639,4.50,USD,1,,
640,4.75,USD,1,,
641,4.90,USD,1,,
642,5.20,USD,1,,
643,5.40,USD,1,,
644,5.55,USD,1,,
645,10.50,USD,1,,
646,6.40,USD,1,,
647,7.35,USD,1,,
648,7.70,USD,1,,
649,6.50,USD,1,,
650,7.30,USD,1,,
651,5.75,USD,1,,
652,6.10,USD,1,,
653,12.20,USD,1,,
654,6.55,USD,1,,
655,5.60,USD,1,,
656,3.80,USD,1,,
657,3.35,USD,1,,
658,3.00,USD,1,,
659,2.55,USD,1,,
660,2.55,USD,1,,
661,2.55,USD,1,,
662,2.55,USD,1,,
663,2.55,USD,1,,
664,7.55,USD,1,,
665,2.55,USD,1,,
666,2.55,USD,1,,
667,2.55,USD,1,,
668,3.25,USD,1,,
669,3.75,USD,1,,
670,4.35,USD,1,,
671,4.75,USD,1,,
672,5.40,USD,1,,
673,5.85,USD,1,,
674,4.35,USD,1,,
675,5.80,USD,1,,
676,6.30,USD,1,,
677,5.60,USD,1,,
678,5.55,USD,1,,
679,5.35,USD,1,,
680,4.80,USD,1,,
681,4.60,USD,1,,
682,4.00,USD,1,,
683,3.20,USD,1,,
684,2.55,USD,1,,
685,2.55,USD,1,,
686,4.50,USD,1,,
687,4.50,USD,1,,
688,4.50,USD,1,,
689,4.50,USD,1,,
690,4.75,USD,1,,
691,4.90,USD,1,,
692,5.20,USD,1,,
693,5.40,USD,1,,
694,5.55,USD,1,,
695,10.50,USD,1,,
696,6.40,USD,1,,
697,7.35,USD,1,,
698,7.70,USD,1,,
699,6.50,USD,1,,
700,7.30,USD,1,,
701,5.75,USD,1,,
702,6.10,USD,1,,
703,12.20,USD,1,,
704,6.55,USD,1,,
705,5.60,USD,1,,
706,3.80,USD,1,,
707,3.35,USD,1,,
708,3.00,USD,1,,
709,2.55,USD,1,,
710,2.55,USD,1,,
711,2.55,USD,1,,
712,2.55,USD,1,,
713,2.55,USD,1,,
714,2.55,USD,1,,
715,7.55,USD,1,,
716,2.55,USD,1,,
717,2.55,USD,1,,
718,3.25,USD,1,,
719,3.75,USD,1,,
720,4.35,USD,1,,
721,4.75,USD,1,,
722,5.40,USD,1,,
723,5.85,USD,1,,
724,4.35,USD,1,,
725,5.80,USD,1,,
726,6.30,USD,1,,
727,5.60,USD,1,,
728,5.55,USD,1,,
729,5.35,USD,1,,
730,4.80,USD,1,,
731,4.60,USD,1,,
732,4.00,USD,1,,
733,3.20,USD,1,,
734,2.55,USD,1,,
735,2.55,USD,1,,
736,4.50,USD,1,,
737,4.50,USD,1,,
738,4.50,USD,1,,
739,4.50,USD,1,,
740,4.75,USD,1,,
741,4.90,USD,1,,
742,5.20,USD,1,,
743,5.40,USD,1,,
744,5.55,USD,1,,
745,10.50,USD,1,,
746,6.40,USD,1,,
747,7.35,USD,1,,
748,7.70,USD,1,,
749,6.50,USD,1,,
750,7.30,USD,1,,
751,6.15,USD,1,,
752,6.50,USD,1,,
753,12.60,USD,1,,
754,6.90,USD,1,,
755,5.25,USD,1,,
756,4.20,USD,1,,
757,3.95,USD,1,,
758,3.60,USD,1,,
759,3.15,USD,1,,
760,3.00,USD,1,,
761,2.80,USD,1,,
762,2.55,USD,1,,
763,2.55,USD,1,,
764,2.55,USD,1,,
765,2.55,USD,1,,
766,7.55,USD,1,,
767,2.55,USD,1,,
768,2.55,USD,1,,
769,3.15,USD,1,,
770,3.75,USD,1,,
771,4.35,USD,1,,
772,5.05,USD,1,,
773,5.50,USD,1,,
774,3.75,USD,1,,
775,5.45,USD,1,,
776,6.50,USD,1,,
777,5.80,USD,1,,
778,5.90,USD,1,,
779,5.55,USD,1,,
780,5.00,USD,1,,
781,4.80,USD,1,,
782,4.30,USD,1,,
783,3.60,USD,1,,
784,2.60,USD,1,,
785,2.55,USD,1,,
786,5.10,USD,1,,
787,5.10,USD,1,,
788,5.10,USD,1,,
789,5.10,USD,1,,
790,5.35,USD,1,,
791,5.50,USD,1,,
792,5.65,USD,1,,
793,5.75,USD,1,,
794,5.95,USD,1,,
795,10.50,USD,1,,
796,6.05,USD,1,,
797,7.00,USD,1,,
798,7.35,USD,1,,
799,6.70,USD,1,,
800,7.55,USD,1,,
801,6.40,USD,1,,
802,6.75,USD,1,,
803,12.85,USD,1,,
804,7.15,USD,1,,
805,5.00,USD,1,,
806,4.50,USD,1,,
807,4.20,USD,1,,
808,4.00,USD,1,,
809,3.60,USD,1,,
810,3.40,USD,1,,
811,3.20,USD,1,,
812,2.95,USD,1,,
813,2.55,USD,1,,
814,2.55,USD,1,,
815,2.55,USD,1,,
816,2.55,USD,1,,
817,7.55,USD,1,,
818,2.55,USD,1,,
819,2.55,USD,1,,
820,3.35,USD,1,,
821,3.95,USD,1,,
822,4.80,USD,1,,
823,5.25,USD,1,,
824,3.35,USD,1,,
825,5.20,USD,1,,
826,6.75,USD,1,,
827,6.05,USD,1,,
828,6.15,USD,1,,
829,5.80,USD,1,,
830,5.25,USD,1,,
831,5.05,USD,1,,
832,4.60,USD,1,,
833,4.05,USD,1,,
834,3.00,USD,1,,
835,2.85,USD,1,,
836,5.50,USD,1,,
837,5.50,USD,1,,
838,5.50,USD,1,,
839,5.50,USD,1,,
840,5.65,USD,1,,
841,5.75,USD,1,,
842,5.90,USD,1,,
843,6.00,USD,1,,
844,6.20,USD,1,,
845,7.95,USD,1,,
846,5.80,USD,1,,
847,6.75,USD,1,,
848,7.05,USD,1,,
849,6.95,USD,1,,
850,7.80,USD,1,,
851,6.75,USD,1,,
852,7.10,USD,1,,
853,13.20,USD,1,,
854,7.55,USD,1,,
855,4.65,USD,1,,
856,4.90,USD,1,,
857,4.60,USD,1,,
858,4.40,USD,1,,
859,4.15,USD,1,,
860,4.05,USD,1,,
861,3.85,USD,1,,
862,3.55,USD,1,,
863,3.25,USD,1,,
864,3.25,USD,1,,
865,3.25,USD,1,,
866,2.55,USD,1,,
867,2.55,USD,1,,
868,7.55,USD,1,,
869,2.55,USD,1,,
870,2.55,USD,1,,
871,3.35,USD,1,,
872,4.30,USD,1,,
873,4.85,USD,1,,
874,2.55,USD,1,,
875,4.80,USD,1,,
876,7.10,USD,1,,
877,6.45,USD,1,,
878,6.55,USD,1,,
879,6.15,USD,1,,
880,5.65,USD,1,,
881,5.45,USD,1,,
882,5.00,USD,1,,
883,4.45,USD,1,,
884,3.60,USD,1,,
885,3.50,USD,1,,
886,5.95,USD,1,,
887,5.95,USD,1,,
888,5.95,USD,1,,
889,5.95,USD,1,,
890,6.05,USD,1,,
891,6.10,USD,1,,
892,6.30,USD,1,,
893,6.40,USD,1,,
894,6.55,USD,1,,
895,10.50,USD,1,,
896,5.40,USD,1,,
897,6.35,USD,1,,
898,6.70,USD,1,,
899,7.35,USD,1,,
900,8.15,USD,1,,
901,7.10,USD,1,,
902,7.45,USD,1,,
903,13.55,USD,1,,
904,7.85,USD,1,,
905,2.55,USD,1,,
906,5.20,USD,1,,
907,4.90,USD,1,,
908,4.70,USD,1,,
909,4.45,USD,1,,
910,4.40,USD,1,,
911,4.25,USD,1,,
912,4.05,USD,1,,
913,3.75,USD,1,,
914,3.75,USD,1,,
915,3.75,USD,1,,
916,3.15,USD,1,,
917,2.55,USD,1,,
918,2.55,USD,1,,
919,7.55,USD,1,,
920,2.55,USD,1,,
921,2.55,USD,1,,
922,2.55,USD,1,,
923,2.55,USD,1,,
924,2.55,USD,1,,
925,2.55,USD,1,,
926,7.45,USD,1,,
927,6.75,USD,1,,
928,6.85,USD,1,,
929,6.50,USD,1,,
930,5.95,USD,1,,
931,5.75,USD,1,,
932,5.25,USD,1,,
933,4.80,USD,1,,
934,4.05,USD,1,,
935,4.00,USD,1,,
936,6.25,USD,1,,
937,6.25,USD,1,,
938,6.25,USD,1,,
939,6.25,USD,1,,
940,6.35,USD,1,,
941,6.40,USD,1,,
942,6.60,USD,1,,
943,6.70,USD,1,,
944,6.90,USD,1,,
945,10.50,USD,1,,
946,5.10,USD,1,,
947,6.05,USD,1,,
948,6.40,USD,1,,
949,7.65,USD,1,,
950,8.45,USD,1,,
951,7.45,USD,1,,
952,7.80,USD,1,,
953,13.90,USD,1,,
954,8.25,USD,1,,
955,4.65,USD,1,,
956,5.55,USD,1,,
957,5.30,USD,1,,
958,5.05,USD,1,,
959,4.85,USD,1,,
960,4.75,USD,1,,
961,4.65,USD,1,,
962,4.50,USD,1,,
963,4.35,USD,1,,
964,4.35,USD,1,,
965,4.35,USD,1,,
966,3.75,USD,1,,
967,3.35,USD,1,,
968,2.55,USD,1,,
969,2.55,USD,1,,
970,7.55,USD,1,,
971,2.55,USD,1,,
972,2.55,USD,1,,
973,2.55,USD,1,,
974,2.55,USD,1,,
975,4.90,USD,1,,
976,7.80,USD,1,,
977,7.10,USD,1,,
978,7.20,USD,1,,
979,6.85,USD,1,,
980,6.30,USD,1,,
981,6.15,USD,1,,
982,5.65,USD,1,,
983,5.15,USD,1,,
984,4.50,USD,1,,
985,4.45,USD,1,,
986,6.65,USD,1,,
987,6.65,USD,1,,
988,6.65,USD,1,,
989,6.65,USD,1,,
990,6.75,USD,1,,
991,6.80,USD,1,,
992,7.00,USD,1,,
993,7.10,USD,1,,
994,7.25,USD,1,,
995,11.30,USD,1,,
996,4.75,USD,1,,
997,5.70,USD,1,,
998,6.00,USD,1,,
999,8.00,USD,1,,
1000,8.85,USD,1,,
1001,7.85,USD,1,,
1002,8.20,USD,1,,
1003,14.30,USD,1,,
1004,8.60,USD,1,,
1005,5.05,USD,1,,
1006,5.95,USD,1,,
1007,5.70,USD,1,,
1008,5.45,USD,1,,
1009,5.20,USD,1,,
1010,5.15,USD,1,,
1011,5.05,USD,1,,
1012,4.85,USD,1,,
1013,4.75,USD,1,,
1014,4.75,USD,1,,
1015,4.75,USD,1,,
1016,4.35,USD,1,,
1017,3.95,USD,1,,
1018,3.35,USD,1,,
1019,2.55,USD,1,,
1020,2.55,USD,1,,
1021,7.55,USD,1,,
1022,2.55,USD,1,,
1023,2.55,USD,1,,
1024,3.45,USD,1,,
1025,5.25,USD,1,,
1026,8.20,USD,1,,
1027,7.50,USD,1,,
1028,7.60,USD,1,,
1029,7.25,USD,1,,
1030,6.70,USD,1,,
1031,6.50,USD,1,,
1032,6.05,USD,1,,
1033,5.55,USD,1,,
1034,4.85,USD,1,,
1035,4.85,USD,1,,
1036,7.00,USD,1,,
1037,7.00,USD,1,,
1038,7.00,USD,1,,
1039,7.00,USD,1,,
1040,7.10,USD,1,,
1041,7.20,USD,1,,
1042,7.40,USD,1,,
1043,7.45,USD,1,,
1044,7.65,USD,1,,
1045,11.90,USD,1,,
1046,2.55,USD,1,,
1047,5.30,USD,1,,
1048,5.60,USD,1,,
1049,8.40,USD,1,,
1050,9.25,USD,1,,
1051,8.50,USD,1,,
1052,8.85,USD,1,,
1053,14.95,USD,1,,
1054,9.25,USD,1,,
1055,5.70,USD,1,,
1056,6.60,USD,1,,
1057,6.30,USD,1,,
1058,6.10,USD,1,,
1059,5.85,USD,1,,
1060,5.80,USD,1,,
1061,5.70,USD,1,,
1062,5.50,USD,1,,
1063,5.40,USD,1,,
1064,5.40,USD,1,,
1065,5.40,USD,1,,
1066,5.05,USD,1,,
1067,4.80,USD,1,,
1068,4.30,USD,1,,
1069,2.55,USD,1,,
1070,2.55,USD,1,,
1071,2.55,USD,1,,
1072,7.55,USD,1,,
1073,2.55,USD,1,,
1074,4.40,USD,1,,
1075,5.90,USD,1,,
1076,8.85,USD,1,,
1077,8.15,USD,1,,
1078,8.25,USD,1,,
1079,7.90,USD,1,,
1080,7.35,USD,1,,
1081,7.15,USD,1,,
1082,6.70,USD,1,,
1083,6.20,USD,1,,
1084,5.50,USD,1,,
1085,5.50,USD,1,,
1086,7.65,USD,1,,
1087,7.65,USD,1,,
1088,7.65,USD,1,,
1089,7.65,USD,1,,
1090,7.75,USD,1,,
1091,7.85,USD,1,,
1092,8.05,USD,1,,
1093,8.10,USD,1,,
1094,8.30,USD,1,,
1095,12.70,USD,1,,
1096,2.55,USD,1,,
1097,4.65,USD,1,,
1098,5.00,USD,1,,
1099,9.05,USD,1,,
1100,9.90,USD,1,,
1101,8.95,USD,1,,
1102,9.30,USD,1,,
1103,15.40,USD,1,,
1104,9.70,USD,1,,
1105,6.15,USD,1,,
1106,7.05,USD,1,,
1107,6.80,USD,1,,
1108,6.55,USD,1,,
1109,6.30,USD,1,,
1110,6.25,USD,1,,
1111,6.10,USD,1,,
1112,5.95,USD,1,,
1113,5.85,USD,1,,
1114,5.85,USD,1,,
1115,5.85,USD,1,,
1116,5.50,USD,1,,
1117,5.25,USD,1,,
1118,4.85,USD,1,,
1119,2.55,USD,1,,
1120,2.55,USD,1,,
1121,2.55,USD,1,,
1122,2.55,USD,1,,
1123,7.55,USD,1,,
1124,4.90,USD,1,,
1125,6.35,USD,1,,
1126,9.30,USD,1,,
1127,8.60,USD,1,,
1128,8.70,USD,1,,
1129,8.35,USD,1,,
1130,7.80,USD,1,,
1131,7.60,USD,1,,
1132,7.10,USD,1,,
1133,6.65,USD,1,,
1134,5.95,USD,1,,
1135,5.95,USD,1,,
1136,8.10,USD,1,,
1137,8.10,USD,1,,
1138,8.10,USD,1,,
1139,8.10,USD,1,,
1140,8.20,USD,1,,
1141,8.25,USD,1,,
1142,8.45,USD,1,,
1143,8.55,USD,1,,
1144,8.70,USD,1,,
1145,13.15,USD,1,,
1146,2.55,USD,1,,
1147,4.05,USD,1,,
1148,4.55,USD,1,,
1149,9.50,USD,1,,
1150,10.30,USD,1,,
1151,7.45,USD,1,,
1152,7.80,USD,1,,
1153,13.90,USD,1,,
1154,8.25,USD,1,,
1155,2.55,USD,1,,
1156,5.55,USD,1,,
1157,5.30,USD,1,,
1158,5.05,USD,1,,
1159,4.80,USD,1,,
1160,4.75,USD,1,,
1161,4.65,USD,1,,
1162,4.45,USD,1,,
1163,4.35,USD,1,,
1164,4.35,USD,1,,
1165,4.35,USD,1,,
1166,3.75,USD,1,,
1167,3.35,USD,1,,
1168,2.55,USD,1,,
1169,2.55,USD,1,,
1170,2.55,USD,1,,
1171,3.45,USD,1,,
1172,4.40,USD,1,,
1173,4.90,USD,1,,
1174,7.55,USD,1,,
1175,2.55,USD,1,,
1176,7.80,USD,1,,
1177,7.10,USD,1,,
1178,7.20,USD,1,,
1179,6.85,USD,1,,
1180,6.30,USD,1,,
1181,6.10,USD,1,,
1182,5.65,USD,1,,
1183,5.15,USD,1,,
1184,4.45,USD,1,,
1185,4.50,USD,1,,
1186,6.65,USD,1,,
1187,6.65,USD,1,,
1188,6.65,USD,1,,
1189,6.65,USD,1,,
1190,6.70,USD,1,,
1191,6.80,USD,1,,
1192,7.00,USD,1,,
1193,7.10,USD,1,,
1194,7.25,USD,1,,
1195,11.30,USD,1,,
1196,5.45,USD,1,,
1197,6.40,USD,1,,
1198,6.75,USD,1,,
1199,8.00,USD,1,,
1200,8.85,USD,1,,
1201,8.90,USD,1,,
1202,9.25,USD,1,,
1203,15.35,USD,1,,
1204,9.70,USD,1,,
1205,2.55,USD,1,,
1206,7.00,USD,1,,
1207,6.75,USD,1,,
1208,6.50,USD,1,,
1209,6.25,USD,1,,
1210,6.20,USD,1,,
1211,6.10,USD,1,,
1212,5.90,USD,1,,
1213,5.80,USD,1,,
1214,5.80,USD,1,,
1215,5.80,USD,1,,
1216,5.45,USD,1,,
1217,5.20,USD,1,,
1218,4.80,USD,1,,
1219,2.55,USD,1,,
1220,4.90,USD,1,,
1221,5.25,USD,1,,
1222,5.90,USD,1,,
1223,6.35,USD,1,,
1224,2.55,USD,1,,
1225,7.55,USD,1,,
1226,9.25,USD,1,,
1227,8.55,USD,1,,
1228,8.65,USD,1,,
1229,8.30,USD,1,,
1230,7.75,USD,1,,
1231,7.55,USD,1,,
1232,7.10,USD,1,,
1233,6.60,USD,1,,
1234,5.90,USD,1,,
1235,5.95,USD,1,,
1236,8.10,USD,1,,
1237,8.10,USD,1,,
1238,8.10,USD,1,,
1239,8.10,USD,1,,
1240,8.20,USD,1,,
1241,8.25,USD,1,,
1242,8.45,USD,1,,
1243,8.55,USD,1,,
1244,8.70,USD,1,,
1245,13.15,USD,1,,
1246,6.95,USD,1,,
1247,7.90,USD,1,,
1248,8.20,USD,1,,
1249,9.45,USD,1,,
1250,10.30,USD,1,,
1251,9.45,USD,1,,
1252,9.80,USD,1,,
1253,15.90,USD,1,,
1254,10.25,USD,1,,
1255,9.05,USD,1,,
1256,7.10,USD,1,,
1257,6.80,USD,1,,
1258,6.60,USD,1,,
1259,6.35,USD,1,,
1260,6.30,USD,1,,
1261,6.25,USD,1,,
1262,6.25,USD,1,,
1263,6.30,USD,1,,
1264,6.30,USD,1,,
1265,6.30,USD,1,,
1266,6.50,USD,1,,
1267,6.75,USD,1,,
1268,7.10,USD,1,,
1269,7.45,USD,1,,
1270,7.80,USD,1,,
1271,8.20,USD,1,,
1272,8.85,USD,1,,
1273,9.30,USD,1,,
1274,7.80,USD,1,,
1275,9.25,USD,1,,
1276,7.55,USD,1,,
1277,2.55,USD,1,,
1278,9.20,USD,1,,
1279,2.55,USD,1,,
1280,2.55,USD,1,,
1281,2.55,USD,1,,
1282,4.85,USD,1,,
1283,5.35,USD,1,,
1284,6.05,USD,1,,
1285,6.45,USD,1,,
1286,8.60,USD,1,,
1287,8.60,USD,1,,
1288,8.60,USD,1,,
1289,8.60,USD,1,,
1290,8.70,USD,1,,
1291,8.80,USD,1,,
1292,9.00,USD,1,,
1293,9.10,USD,1,,
1294,9.25,USD,1,,
1295,14.65,USD,1,,
1296,9.85,USD,1,,
1297,10.80,USD,1,,
1298,11.10,USD,1,,
1299,2.55,USD,1,,
1300,2.55,USD,1,,
1301,8.80,USD,1,,
1302,9.10,USD,1,,
1303,15.20,USD,1,,
1304,9.55,USD,1,,
1305,8.35,USD,1,,
1306,6.40,USD,1,,
1307,6.15,USD,1,,
1308,5.95,USD,1,,
1309,5.70,USD,1,,
1310,5.60,USD,1,,
1311,5.55,USD,1,,
1312,5.55,USD,1,,
1313,5.60,USD,1,,
1314,5.60,USD,1,,
1315,5.60,USD,1,,
1316,5.80,USD,1,,
1317,6.05,USD,1,,
1318,6.45,USD,1,,
1319,6.75,USD,1,,
1320,7.10,USD,1,,
1321,7.50,USD,1,,
1322,8.15,USD,1,,
1323,8.60,USD,1,,
1324,7.10,USD,1,,
1325,8.55,USD,1,,
1326,2.55,USD,1,,
1327,7.55,USD,1,,
1328,8.55,USD,1,,
1329,2.55,USD,1,,
1330,2.55,USD,1,,
1331,2.55,USD,1,,
1332,4.00,USD,1,,
1333,4.65,USD,1,,
1334,5.40,USD,1,,
1335,5.75,USD,1,,
1336,7.95,USD,1,,
1337,7.95,USD,1,,
1338,7.95,USD,1,,
1339,7.95,USD,1,,
1340,8.05,USD,1,,
1341,8.10,USD,1,,
1342,8.30,USD,1,,
1343,8.40,USD,1,,
1344,8.55,USD,1,,
1345,14.00,USD,1,,
1346,9.15,USD,1,,
1347,10.10,USD,1,,
1348,10.45,USD,1,,
1349,2.55,USD,1,,
1350,4.45,USD,1,,
1351,4.25,USD,1,,
1352,4.25,USD,1,,
1353,10.50,USD,1,,
1354,4.90,USD,1,,
1355,8.45,USD,1,,
1356,6.75,USD,1,,
1357,6.45,USD,1,,
1358,6.25,USD,1,,
1359,6.00,USD,1,,
1360,5.95,USD,1,,
1361,5.80,USD,1,,
1362,5.65,USD,1,,
1363,5.55,USD,1,,
1364,5.55,USD,1,,
1365,5.55,USD,1,,
1366,5.90,USD,1,,
1367,6.15,USD,1,,
1368,6.55,USD,1,,
1369,6.85,USD,1,,
1370,7.20,USD,1,,
1371,7.60,USD,1,,
1372,8.25,USD,1,,
1373,8.70,USD,1,,
1374,7.20,USD,1,,
1375,8.65,USD,1,,
1376,9.20,USD,1,,
1377,8.55,USD,1,,
1378,7.55,USD,1,,
1379,8.25,USD,1,,
1380,7.75,USD,1,,
1381,7.55,USD,1,,
1382,7.05,USD,1,,
1383,6.55,USD,1,,
1384,5.85,USD,1,,
1385,5.40,USD,1,,
1386,4.75,USD,1,,
1387,4.75,USD,1,,
1388,4.75,USD,1,,
1389,4.75,USD,1,,
1390,4.55,USD,1,,
1391,4.40,USD,1,,
1392,4.25,USD,1,,
1393,4.25,USD,1,,
1394,4.25,USD,1,,
1395,14.10,USD,1,,
1396,9.25,USD,1,,
1397,10.20,USD,1,,
1398,10.55,USD,1,,
1399,9.40,USD,1,,
1400,10.25,USD,1,,
1401,8.50,USD,1,,
1402,8.85,USD,1,,
1403,14.95,USD,1,,
1404,9.30,USD,1,,
1405,8.10,USD,1,,
1406,6.15,USD,1,,
1407,5.90,USD,1,,
1408,5.65,USD,1,,
1409,5.40,USD,1,,
1410,5.35,USD,1,,
1411,5.30,USD,1,,
1412,5.30,USD,1,,
1413,5.35,USD,1,,
1414,5.35,USD,1,,
1415,5.35,USD,1,,
1416,5.55,USD,1,,
1417,5.80,USD,1,,
1418,6.15,USD,1,,
1419,6.50,USD,1,,
1420,6.85,USD,1,,
1421,7.25,USD,1,,
1422,7.90,USD,1,,
1423,8.35,USD,1,,
1424,6.85,USD,1,,
1425,8.30,USD,1,,
1426,2.55,USD,1,,
1427,2.55,USD,1,,
1428,8.25,USD,1,,
1429,7.55,USD,1,,
1430,2.55,USD,1,,
1431,2.55,USD,1,,
1432,2.55,USD,1,,
1433,2.55,USD,1,,
1434,5.10,USD,1,,
1435,5.50,USD,1,,
1436,7.70,USD,1,,
1437,7.70,USD,1,,
1438,7.70,USD,1,,
1439,7.70,USD,1,,
1440,7.80,USD,1,,
1441,7.85,USD,1,,
1442,8.05,USD,1,,
1443,8.15,USD,1,,
1444,8.30,USD,1,,
1445,13.70,USD,1,,
1446,8.90,USD,1,,
1447,9.85,USD,1,,
1448,10.20,USD,1,,
1449,2.55,USD,1,,
1450,4.70,USD,1,,
1451,7.95,USD,1,,
1452,8.30,USD,1,,
1453,14.40,USD,1,,
1454,8.75,USD,1,,
1455,7.55,USD,1,,
1456,5.60,USD,1,,
1457,5.35,USD,1,,
1458,5.15,USD,1,,
1459,4.90,USD,1,,
1460,4.80,USD,1,,
1461,4.75,USD,1,,
1462,4.75,USD,1,,
1463,4.80,USD,1,,
1464,4.80,USD,1,,
1465,4.80,USD,1,,
1466,5.00,USD,1,,
1467,5.25,USD,1,,
1468,5.65,USD,1,,
1469,5.95,USD,1,,
1470,6.30,USD,1,,
1471,6.70,USD,1,,
1472,7.35,USD,1,,
1473,7.80,USD,1,,
1474,6.30,USD,1,,
1475,7.75,USD,1,,
1476,2.55,USD,1,,
1477,2.55,USD,1,,
1478,7.75,USD,1,,
1479,2.55,USD,1,,
1480,7.55,USD,1,,
1481,2.55,USD,1,,
1482,2.55,USD,1,,
1483,2.55,USD,1,,
1484,4.55,USD,1,,
1485,5.00,USD,1,,
1486,7.15,USD,1,,
1487,7.15,USD,1,,
1488,7.15,USD,1,,
1489,7.15,USD,1,,
1490,7.25,USD,1,,
1491,7.30,USD,1,,
1492,7.50,USD,1,,
1493,7.60,USD,1,,
1494,7.75,USD,1,,
1495,13.20,USD,1,,
1496,8.35,USD,1,,
1497,9.30,USD,1,,
1498,9.65,USD,1,,
1499,4.40,USD,1,,
1500,5.20,USD,1,,
1501,7.80,USD,1,,
1502,8.10,USD,1,,
1503,14.20,USD,1,,
1504,8.55,USD,1,,
1505,7.35,USD,1,,
1506,5.40,USD,1,,
1507,5.15,USD,1,,
1508,4.95,USD,1,,
1509,4.70,USD,1,,
1510,4.60,USD,1,,
1511,4.50,USD,1,,
1512,4.50,USD,1,,
1513,4.60,USD,1,,
1514,4.60,USD,1,,
1515,4.60,USD,1,,
1516,4.80,USD,1,,
1517,5.05,USD,1,,
1518,5.45,USD,1,,
1519,5.75,USD,1,,
1520,6.15,USD,1,,
1521,6.50,USD,1,,
1522,7.15,USD,1,,
1523,7.60,USD,1,,
1524,6.10,USD,1,,
1525,7.55,USD,1,,
1526,2.55,USD,1,,
1527,2.55,USD,1,,
1528,7.55,USD,1,,
1529,2.55,USD,1,,
1530,2.55,USD,1,,
1531,7.55,USD,1,,
1532,2.55,USD,1,,
1533,2.55,USD,1,,
1534,4.25,USD,1,,
1535,4.75,USD,1,,
1536,6.95,USD,1,,
1537,6.95,USD,1,,
1538,6.95,USD,1,,
1539,6.95,USD,1,,
1540,7.05,USD,1,,
1541,7.10,USD,1,,
1542,7.30,USD,1,,
1543,7.40,USD,1,,
1544,7.55,USD,1,,
1545,13.00,USD,1,,
1546,8.15,USD,1,,
1547,9.10,USD,1,,
1548,9.45,USD,1,,
1549,4.60,USD,1,,
1550,5.40,USD,1,,
1551,7.30,USD,1,,
1552,7.65,USD,1,,
1553,13.75,USD,1,,
1554,8.10,USD,1,,
1555,6.90,USD,1,,
1556,4.95,USD,1,,
1557,4.70,USD,1,,
1558,4.45,USD,1,,
1559,4.20,USD,1,,
1560,4.10,USD,1,,
1561,3.85,USD,1,,
1562,3.80,USD,1,,
1563,4.00,USD,1,,
1564,4.00,USD,1,,
1565,4.00,USD,1,,
1566,4.30,USD,1,,
1567,4.60,USD,1,,
1568,5.00,USD,1,,
1569,5.25,USD,1,,
1570,5.65,USD,1,,
1571,6.05,USD,1,,
1572,6.70,USD,1,,
1573,7.10,USD,1,,
1574,5.65,USD,1,,
1575,7.10,USD,1,,
1576,4.85,USD,1,,
1577,4.00,USD,1,,
1578,7.05,USD,1,,
1579,2.55,USD,1,,
1580,2.55,USD,1,,
1581,2.55,USD,1,,
1582,7.55,USD,1,,
1583,2.55,USD,1,,
1584,3.50,USD,1,,
1585,4.30,USD,1,,
1586,6.50,USD,1,,
1587,6.50,USD,1,,
1588,6.50,USD,1,,
1589,6.50,USD,1,,
1590,6.55,USD,1,,
1591,6.65,USD,1,,
1592,6.85,USD,1,,
1593,6.90,USD,1,,
1594,7.10,USD,1,,
1595,12.50,USD,1,,
1596,7.70,USD,1,,
1597,8.65,USD,1,,
1598,8.95,USD,1,,
1599,5.05,USD,1,,
1600,5.90,USD,1,,
1601,6.80,USD,1,,
1602,7.15,USD,1,,
1603,13.25,USD,1,,
1604,7.60,USD,1,,
1605,6.40,USD,1,,
1606,4.45,USD,1,,
1607,4.20,USD,1,,
1608,3.85,USD,1,,
1609,3.45,USD,1,,
1610,3.25,USD,1,,
1611,3.05,USD,1,,
1612,2.55,USD,1,,
1613,3.20,USD,1,,
1614,3.20,USD,1,,
1615,3.20,USD,1,,
1616,3.60,USD,1,,
1617,4.05,USD,1,,
1618,4.45,USD,1,,
1619,4.80,USD,1,,
1620,5.15,USD,1,,
1621,5.55,USD,1,,
1622,6.20,USD,1,,
1623,6.65,USD,1,,
1624,5.15,USD,1,,
1625,6.60,USD,1,,
1626,5.35,USD,1,,
1627,4.65,USD,1,,
1628,6.55,USD,1,,
1629,2.55,USD,1,,
1630,2.55,USD,1,,
1631,2.55,USD,1,,
1632,2.55,USD,1,,
1633,7.55,USD,1,,
1634,2.55,USD,1,,
1635,3.50,USD,1,,
1636,5.95,USD,1,,
1637,5.95,USD,1,,
1638,5.95,USD,1,,
1639,5.95,USD,1,,
1640,6.05,USD,1,,
1641,6.15,USD,1,,
1642,6.30,USD,1,,
1643,6.40,USD,1,,
1644,6.60,USD,1,,
1645,12.00,USD,1,,
1646,7.20,USD,1,,
1647,8.15,USD,1,,
1648,8.45,USD,1,,
1649,5.55,USD,1,,
1650,6.40,USD,1,,
1651,6.10,USD,1,,
1652,6.40,USD,1,,
1653,12.55,USD,1,,
1654,6.85,USD,1,,
1655,5.70,USD,1,,
1656,3.55,USD,1,,
1657,3.15,USD,1,,
1658,2.80,USD,1,,
1659,2.55,USD,1,,
1660,2.55,USD,1,,
1661,2.55,USD,1,,
1662,2.55,USD,1,,
1663,2.55,USD,1,,
1664,2.55,USD,1,,
1665,2.55,USD,1,,
1666,2.60,USD,1,,
1667,3.00,USD,1,,
1668,3.60,USD,1,,
1669,4.05,USD,1,,
1670,4.50,USD,1,,
1671,4.85,USD,1,,
1672,5.50,USD,1,,
1673,5.95,USD,1,,
1674,4.45,USD,1,,
1675,5.90,USD,1,,
1676,6.05,USD,1,,
1677,5.40,USD,1,,
1678,5.85,USD,1,,
1679,5.10,USD,1,,
1680,4.55,USD,1,,
1681,4.25,USD,1,,
1682,3.50,USD,1,,
1683,2.55,USD,1,,
1684,7.55,USD,1,,
1685,2.55,USD,1,,
1686,5.10,USD,1,,
1687,5.10,USD,1,,
1688,5.10,USD,1,,
1689,5.10,USD,1,,
1690,5.30,USD,1,,
1691,5.40,USD,1,,
1692,5.60,USD,1,,
1693,5.70,USD,1,,
1694,5.85,USD,1,,
1695,10.95,USD,1,,
1696,6.50,USD,1,,
1697,7.45,USD,1,,
1698,7.80,USD,1,,
1699,6.25,USD,1,,
1700,7.10,USD,1,,
1701,5.65,USD,1,,
1702,6.00,USD,1,,
1703,12.10,USD,1,,
1704,6.45,USD,1,,
1705,5.70,USD,1,,
1706,4.00,USD,1,,
1707,3.55,USD,1,,
1708,3.20,USD,1,,
1709,2.80,USD,1,,
1710,2.65,USD,1,,
1711,2.55,USD,1,,
1712,2.55,USD,1,,
1713,2.55,USD,1,,
1714,2.55,USD,1,,
1715,2.55,USD,1,,
1716,2.55,USD,1,,
1717,2.85,USD,1,,
1718,3.50,USD,1,,
1719,4.00,USD,1,,
1720,4.45,USD,1,,
1721,4.85,USD,1,,
1722,5.50,USD,1,,
1723,5.95,USD,1,,
1724,4.50,USD,1,,
1725,5.95,USD,1,,
1726,6.45,USD,1,,
1727,5.75,USD,1,,
1728,5.40,USD,1,,
1729,5.50,USD,1,,
1730,5.00,USD,1,,
1731,4.75,USD,1,,
1732,4.30,USD,1,,
1733,3.50,USD,1,,
1734,2.55,USD,1,,
1735,7.55,USD,1,,
1736,4.20,USD,1,,
1737,4.20,USD,1,,
1738,4.20,USD,1,,
1739,4.20,USD,1,,
1740,4.55,USD,1,,
1741,4.65,USD,1,,
1742,5.00,USD,1,,
1743,5.20,USD,1,,
1744,5.45,USD,1,,
1745,10.80,USD,1,,
1746,6.55,USD,1,,
1747,7.45,USD,1,,
1748,7.80,USD,1,,
1749,6.65,USD,1,,
1750,7.50,USD,1,,
1751,5.15,USD,1,,
1752,5.70,USD,1,,
1753,11.80,USD,1,,
1754,6.15,USD,1,,
1755,7.85,USD,1,,
1756,6.15,USD,1,,
1757,5.90,USD,1,,
1758,5.70,USD,1,,
1759,5.40,USD,1,,
1760,5.30,USD,1,,
1761,5.10,USD,1,,
1762,4.80,USD,1,,
1763,4.50,USD,1,,
1764,4.50,USD,1,,
1765,4.50,USD,1,,
1766,5.10,USD,1,,
1767,5.50,USD,1,,
1768,5.95,USD,1,,
1769,6.25,USD,1,,
1770,6.65,USD,1,,
1771,7.00,USD,1,,
1772,7.65,USD,1,,
1773,8.10,USD,1,,
1774,6.65,USD,1,,
1775,8.10,USD,1,,
1776,8.60,USD,1,,
1777,7.95,USD,1,,
1778,4.75,USD,1,,
1779,7.70,USD,1,,
1780,7.15,USD,1,,
1781,6.95,USD,1,,
1782,6.50,USD,1,,
1783,5.95,USD,1,,
1784,5.10,USD,1,,
1785,4.20,USD,1,,
1786,7.55,USD,1,,
1787,2.55,USD,1,,
1788,2.55,USD,1,,
1789,2.55,USD,1,,
1790,2.55,USD,1,,
1791,2.55,USD,1,,
1792,2.55,USD,1,,
1793,2.55,USD,1,,
1794,4.30,USD,1,,
1795,13.45,USD,1,,
1796,8.70,USD,1,,
1797,9.65,USD,1,,
1798,9.95,USD,1,,
1799,8.85,USD,1,,
1800,9.65,USD,1,,
1801,5.15,USD,1,,
1802,5.70,USD,1,,
1803,11.80,USD,1,,
1804,6.15,USD,1,,
1805,7.85,USD,1,,
1806,6.15,USD,1,,
1807,5.90,USD,1,,
1808,5.70,USD,1,,
1809,5.40,USD,1,,
1810,5.30,USD,1,,
1811,5.10,USD,1,,
1812,4.80,USD,1,,
1813,4.50,USD,1,,
1814,4.50,USD,1,,
1815,4.50,USD,1,,
1816,5.10,USD,1,,
1817,5.50,USD,1,,
1818,5.95,USD,1,,
1819,6.25,USD,1,,
1820,6.65,USD,1,,
1821,7.00,USD,1,,
1822,7.65,USD,1,,
1823,8.10,USD,1,,
1824,6.65,USD,1,,
1825,8.10,USD,1,,
1826,8.60,USD,1,,
1827,7.95,USD,1,,
1828,4.75,USD,1,,
1829,7.70,USD,1,,
1830,7.15,USD,1,,
1831,6.95,USD,1,,
1832,6.50,USD,1,,
1833,5.95,USD,1,,
1834,5.10,USD,1,,
1835,4.20,USD,1,,
1836,2.55,USD,1,,
1837,7.55,USD,1,,
1838,2.55,USD,1,,
1839,2.55,USD,1,,
1840,2.55,USD,1,,
1841,2.55,USD,1,,
1842,2.55,USD,1,,
1843,2.55,USD,1,,
1844,4.30,USD,1,,
1845,13.45,USD,1,,
1846,8.70,USD,1,,
1847,9.65,USD,1,,
1848,9.95,USD,1,,
1849,8.85,USD,1,,
1850,9.65,USD,1,,
1851,5.15,USD,1,,
1852,5.70,USD,1,,
1853,11.80,USD,1,,
1854,6.15,USD,1,,
1855,7.85,USD,1,,
1856,6.15,USD,1,,
1857,5.90,USD,1,,
1858,5.70,USD,1,,
1859,5.40,USD,1,,
1860,5.30,USD,1,,
1861,5.10,USD,1,,
1862,4.80,USD,1,,
1863,4.50,USD,1,,
1864,4.50,USD,1,,
1865,4.50,USD,1,,
1866,5.10,USD,1,,
1867,5.50,USD,1,,
1868,5.95,USD,1,,
1869,6.25,USD,1,,
1870,6.65,USD,1,,
1871,7.00,USD,1,,
1872,7.65,USD,1,,
1873,8.10,USD,1,,
1874,6.65,USD,1,,
1875,8.10,USD,1,,
1876,8.60,USD,1,,
1877,7.95,USD,1,,
1878,4.75,USD,1,,
1879,7.70,USD,1,,
1880,7.15,USD,1,,
1881,6.95,USD,1,,
1882,6.50,USD,1,,
1883,5.95,USD,1,,
1884,5.10,USD,1,,
1885,4.20,USD,1,,
1886,2.55,USD,1,,
1887,2.55,USD,1,,
1888,7.55,USD,1,,
1889,2.55,USD,1,,
1890,2.55,USD,1,,
1891,2.55,USD,1,,
1892,2.55,USD,1,,
1893,2.55,USD,1,,
1894,4.30,USD,1,,
1895,13.45,USD,1,,
1896,8.70,USD,1,,
1897,9.65,USD,1,,
1898,9.95,USD,1,,
1899,8.85,USD,1,,
1900,9.65,USD,1,,
1901,5.15,USD,1,,
1902,5.70,USD,1,,
1903,11.80,USD,1,,
1904,6.15,USD,1,,
1905,7.85,USD,1,,
1906,6.15,USD,1,,
1907,5.90,USD,1,,
1908,5.70,USD,1,,
1909,5.40,USD,1,,
1910,5.30,USD,1,,
1911,5.10,USD,1,,
1912,4.80,USD,1,,
1913,4.50,USD,1,,
1914,4.50,USD,1,,
1915,4.50,USD,1,,
1916,5.10,USD,1,,
1917,5.50,USD,1,,
1918,5.95,USD,1,,
1919,6.25,USD,1,,
1920,6.65,USD,1,,
1921,7.00,USD,1,,
1922,7.65,USD,1,,
1923,8.10,USD,1,,
1924,6.65,USD,1,,
1925,8.10,USD,1,,
1926,8.60,USD,1,,
1927,7.95,USD,1,,
1928,4.75,USD,1,,
1929,7.70,USD,1,,
1930,7.15,USD,1,,
1931,6.95,USD,1,,
1932,6.50,USD,1,,
1933,5.95,USD,1,,
1934,5.10,USD,1,,
1935,4.20,USD,1,,
1936,2.55,USD,1,,
1937,2.55,USD,1,,
1938,2.55,USD,1,,
1939,7.55,USD,1,,
1940,2.55,USD,1,,
1941,2.55,USD,1,,
1942,2.55,USD,1,,
1943,2.55,USD,1,,
1944,4.30,USD,1,,
1945,13.45,USD,1,,
1946,8.70,USD,1,,
1947,9.65,USD,1,,
1948,9.95,USD,1,,
1949,8.85,USD,1,,
1950,9.65,USD,1,,
1951,4.95,USD,1,,
1952,5.45,USD,1,,
1953,11.70,USD,1,,
1954,6.05,USD,1,,
1955,7.95,USD,1,,
1956,6.25,USD,1,,
1957,6.00,USD,1,,
1958,5.75,USD,1,,
1959,5.50,USD,1,,
1960,5.45,USD,1,,
1961,5.35,USD,1,,
1962,5.00,USD,1,,
1963,4.75,USD,1,,
1964,4.75,USD,1,,
1965,4.75,USD,1,,
1966,5.35,USD,1,,
1967,5.65,USD,1,,
1968,6.05,USD,1,,
1969,6.35,USD,1,,
1970,6.75,USD,1,,
1971,7.10,USD,1,,
1972,7.75,USD,1,,
1973,8.20,USD,1,,
1974,6.70,USD,1,,
1975,8.20,USD,1,,
1976,8.70,USD,1,,
1977,8.05,USD,1,,
1978,4.55,USD,1,,
1979,7.80,USD,1,,
1980,7.25,USD,1,,
1981,7.05,USD,1,,
1982,6.55,USD,1,,
1983,6.05,USD,1,,
1984,5.30,USD,1,,
1985,4.55,USD,1,,
1986,2.55,USD,1,,
1987,2.55,USD,1,,
1988,2.55,USD,1,,
1989,2.55,USD,1,,
1990,7.55,USD,1,,
1991,2.55,USD,1,,
1992,2.55,USD,1,,
1993,2.55,USD,1,,
1994,4.05,USD,1,,
1995,13.60,USD,1,,
1996,8.75,USD,1,,
1997,9.70,USD,1,,
1998,10.05,USD,1,,
1999,8.95,USD,1,,
2000,9.75,USD,1,,
2001,4.80,USD,1,,
2002,5.30,USD,1,,
2003,11.60,USD,1,,
2004,6.00,USD,1,,
2005,8.05,USD,1,,
2006,6.35,USD,1,,
2007,6.05,USD,1,,
2008,5.85,USD,1,,
2009,5.60,USD,1,,
2010,5.50,USD,1,,
2011,5.40,USD,1,,
2012,5.15,USD,1,,
2013,4.90,USD,1,,
2014,4.90,USD,1,,
2015,4.90,USD,1,,
2016,5.50,USD,1,,
2017,5.75,USD,1,,
2018,6.10,USD,1,,
2019,6.40,USD,1,,
2020,6.80,USD,1,,
2021,7.20,USD,1,,
2022,7.85,USD,1,,
2023,8.25,USD,1,,
2024,6.80,USD,1,,
2025,8.25,USD,1,,
2026,8.80,USD,1,,
2027,8.10,USD,1,,
2028,4.40,USD,1,,
2029,7.85,USD,1,,
2030,7.30,USD,1,,
2031,7.10,USD,1,,
2032,6.65,USD,1,,
2033,6.15,USD,1,,
2034,5.40,USD,1,,
2035,4.65,USD,1,,
2036,2.55,USD,1,,
2037,2.55,USD,1,,
2038,2.55,USD,1,,
2039,2.55,USD,1,,
2040,2.55,USD,1,,
2041,7.55,USD,1,,
2042,2.55,USD,1,,
2043,2.55,USD,1,,
2044,4.05,USD,1,,
2045,13.65,USD,1,,
2046,8.85,USD,1,,
2047,9.80,USD,1,,
2048,10.10,USD,1,,
2049,9.00,USD,1,,
2050,9.85,USD,1,,
2051,4.45,USD,1,,
2052,5.00,USD,1,,
2053,11.25,USD,1,,
2054,5.65,USD,1,,
2055,8.25,USD,1,,
2056,6.50,USD,1,,
2057,6.25,USD,1,,
2058,6.05,USD,1,,
2059,5.80,USD,1,,
2060,5.70,USD,1,,
2061,5.60,USD,1,,
2062,5.45,USD,1,,
2063,5.20,USD,1,,
2064,5.20,USD,1,,
2065,5.20,USD,1,,
2066,5.65,USD,1,,
2067,5.90,USD,1,,
2068,6.30,USD,1,,
2069,6.60,USD,1,,
2070,7.00,USD,1,,
2071,7.40,USD,1,,
2072,8.05,USD,1,,
2073,8.45,USD,1,,
2074,7.00,USD,1,,
2075,8.45,USD,1,,
2076,9.00,USD,1,,
2077,8.30,USD,1,,
2078,4.25,USD,1,,
2079,8.05,USD,1,,
2080,7.50,USD,1,,
2081,7.30,USD,1,,
2082,6.85,USD,1,,
2083,6.30,USD,1,,
2084,5.60,USD,1,,
2085,5.00,USD,1,,
2086,2.55,USD,1,,
2087,2.55,USD,1,,
2088,2.55,USD,1,,
2089,2.55,USD,1,,
2090,2.55,USD,1,,
2091,2.55,USD,1,,
2092,7.55,USD,1,,
2093,2.55,USD,1,,
2094,4.05,USD,1,,
2095,13.85,USD,1,,
2096,9.05,USD,1,,
2097,10.00,USD,1,,
2098,10.30,USD,1,,
2099,9.20,USD,1,,
2100,10.05,USD,1,,
2101,4.25,USD,1,,
2102,4.80,USD,1,,
2103,11.10,USD,1,,
2104,5.50,USD,1,,
2105,8.30,USD,1,,
2106,6.60,USD,1,,
2107,6.35,USD,1,,
2108,6.10,USD,1,,
2109,5.85,USD,1,,
2110,5.80,USD,1,,
2111,5.70,USD,1,,
2112,5.50,USD,1,,
2113,5.40,USD,1,,
2114,5.40,USD,1,,
2115,5.40,USD,1,,
2116,5.75,USD,1,,
2117,6.00,USD,1,,
2118,6.40,USD,1,,
2119,6.70,USD,1,,
2120,7.10,USD,1,,
2121,7.45,USD,1,,
2122,8.10,USD,1,,
2123,8.55,USD,1,,
2124,7.10,USD,1,,
2125,8.55,USD,1,,
2126,9.10,USD,1,,
2127,8.40,USD,1,,
2128,4.25,USD,1,,
2129,8.15,USD,1,,
2130,7.60,USD,1,,
2131,7.40,USD,1,,
2132,6.90,USD,1,,
2133,6.40,USD,1,,
2134,5.70,USD,1,,
2135,5.20,USD,1,,
2136,2.55,USD,1,,
2137,2.55,USD,1,,
2138,2.55,USD,1,,
2139,2.55,USD,1,,
2140,2.55,USD,1,,
2141,2.55,USD,1,,
2142,2.55,USD,1,,
2143,7.55,USD,1,,
2144,4.05,USD,1,,
2145,13.95,USD,1,,
2146,9.15,USD,1,,
2147,10.10,USD,1,,
2148,10.40,USD,1,,
2149,9.30,USD,1,,
2150,10.10,USD,1,,
2151,4.25,USD,1,,
2152,4.25,USD,1,,
2153,10.80,USD,1,,
2154,5.20,USD,1,,
2155,8.50,USD,1,,
2156,6.80,USD,1,,
2157,6.50,USD,1,,
2158,6.30,USD,1,,
2159,6.05,USD,1,,
2160,5.95,USD,1,,
2161,5.85,USD,1,,
2162,5.70,USD,1,,
2163,5.55,USD,1,,
2164,5.55,USD,1,,
2165,5.55,USD,1,,
2166,5.95,USD,1,,
2167,6.20,USD,1,,
2168,6.55,USD,1,,
2169,6.90,USD,1,,
2170,7.25,USD,1,,
2171,7.65,USD,1,,
2172,8.30,USD,1,,
2173,8.70,USD,1,,
2174,7.25,USD,1,,
2175,8.70,USD,1,,
2176,9.25,USD,1,,
2177,8.55,USD,1,,
2178,4.25,USD,1,,
2179,8.30,USD,1,,
2180,7.75,USD,1,,
2181,7.55,USD,1,,
2182,7.10,USD,1,,
2183,6.60,USD,1,,
2184,5.85,USD,1,,
2185,5.45,USD,1,,
2186,4.30,USD,1,,
2187,4.30,USD,1,,
2188,4.30,USD,1,,
2189,4.30,USD,1,,
2190,4.05,USD,1,,
2191,4.05,USD,1,,
2192,4.05,USD,1,,
2193,4.05,USD,1,,
2194,7.55,USD,1,,
2195,14.10,USD,1,,
2196,9.30,USD,1,,
2197,10.25,USD,1,,
2198,10.55,USD,1,,
2199,9.45,USD,1,,
2200,10.30,USD,1,,
2201,14.30,USD,1,,
2202,14.65,USD,1,,
2203,20.75,USD,1,,
2204,15.10,USD,1,,
2205,12.90,USD,1,,
2206,12.45,USD,1,,
2207,12.15,USD,1,,
2208,11.95,USD,1,,
2209,11.50,USD,1,,
2210,11.35,USD,1,,
2211,11.15,USD,1,,
2212,10.85,USD,1,,
2213,10.50,USD,1,,
2214,10.50,USD,1,,
2215,10.50,USD,1,,
2216,10.50,USD,1,,
2217,7.95,USD,1,,
2218,10.50,USD,1,,
2219,10.50,USD,1,,
2220,11.30,USD,1,,
2221,11.90,USD,1,,
2222,12.70,USD,1,,
2223,13.15,USD,1,,
2224,11.30,USD,1,,
2225,13.15,USD,1,,
2226,14.65,USD,1,,
2227,14.00,USD,1,,
2228,14.10,USD,1,,
2229,13.70,USD,1,,
2230,13.20,USD,1,,
2231,13.00,USD,1,,
2232,12.50,USD,1,,
2233,12.00,USD,1,,
2234,10.95,USD,1,,
2235,10.80,USD,1,,
2236,13.45,USD,1,,
2237,13.45,USD,1,,
2238,13.45,USD,1,,
2239,13.45,USD,1,,
2240,13.60,USD,1,,
2241,13.65,USD,1,,
2242,13.85,USD,1,,
2243,13.95,USD,1,,
2244,14.10,USD,1,,
2245,7.55,USD,1,,
2246,13.75,USD,1,,
2247,14.70,USD,1,,
2248,15.00,USD,1,,
2249,14.90,USD,1,,
2250,15.70,USD,1,,
2251,9.50,USD,1,,
2252,9.85,USD,1,,
2253,15.95,USD,1,,
2254,10.30,USD,1,,
2255,6.70,USD,1,,
2256,7.60,USD,1,,
2257,7.35,USD,1,,
2258,7.10,USD,1,,
2259,6.85,USD,1,,
2260,6.80,USD,1,,
2261,6.70,USD,1,,
2262,6.50,USD,1,,
2263,6.40,USD,1,,
2264,6.40,USD,1,,
2265,6.40,USD,1,,
2266,6.05,USD,1,,
2267,5.80,USD,1,,
2268,5.40,USD,1,,
2269,5.10,USD,1,,
2270,4.75,USD,1,,
2271,2.55,USD,1,,
2272,2.55,USD,1,,
2273,2.55,USD,1,,
2274,5.45,USD,1,,
2275,6.95,USD,1,,
2276,9.85,USD,1,,
2277,9.15,USD,1,,
2278,9.25,USD,1,,
2279,8.90,USD,1,,
2280,8.35,USD,1,,
2281,8.15,USD,1,,
2282,7.70,USD,1,,
2283,7.20,USD,1,,
2284,6.50,USD,1,,
2285,6.55,USD,1,,
2286,8.70,USD,1,,
2287,8.70,USD,1,,
2288,8.70,USD,1,,
2289,8.70,USD,1,,
2290,8.75,USD,1,,
2291,8.85,USD,1,,
2292,9.05,USD,1,,
2293,9.15,USD,1,,
2294,9.30,USD,1,,
2295,13.75,USD,1,,
2296,7.55,USD,1,,
2297,3.10,USD,1,,
2298,3.65,USD,1,,
2299,10.05,USD,1,,
2300,10.90,USD,1,,
2301,10.45,USD,1,,
2302,10.80,USD,1,,
2303,16.90,USD,1,,
2304,11.25,USD,1,,
2305,7.65,USD,1,,
2306,8.55,USD,1,,
2307,8.30,USD,1,,
2308,8.05,USD,1,,
2309,7.80,USD,1,,
2310,7.75,USD,1,,
2311,7.65,USD,1,,
2312,7.45,USD,1,,
2313,7.35,USD,1,,
2314,7.35,USD,1,,
2315,7.35,USD,1,,
2316,7.00,USD,1,,
2317,6.75,USD,1,,
2318,6.35,USD,1,,
2319,6.05,USD,1,,
2320,5.70,USD,1,,
2321,5.30,USD,1,,
2322,4.65,USD,1,,
2323,4.05,USD,1,,
2324,6.40,USD,1,,
2325,7.90,USD,1,,
2326,10.80,USD,1,,
2327,10.10,USD,1,,
2328,10.20,USD,1,,
2329,9.85,USD,1,,
2330,9.30,USD,1,,
2331,9.10,USD,1,,
2332,8.65,USD,1,,
2333,8.15,USD,1,,
2334,7.45,USD,1,,
2335,7.45,USD,1,,
2336,9.65,USD,1,,
2337,9.65,USD,1,,
2338,9.65,USD,1,,
2339,9.65,USD,1,,
2340,9.70,USD,1,,
2341,9.80,USD,1,,
2342,10.00,USD,1,,
2343,10.10,USD,1,,
2344,10.25,USD,1,,
2345,14.70,USD,1,,
2346,3.10,USD,1,,
2347,7.55,USD,1,,
2348,2.55,USD,1,,
2349,11.00,USD,1,,
2350,11.85,USD,1,,
2351,10.80,USD,1,,
2352,11.10,USD,1,,
2353,17.25,USD,1,,
2354,11.55,USD,1,,
2355,8.00,USD,1,,
2356,8.90,USD,1,,
2357,8.60,USD,1,,
2358,8.40,USD,1,,
2359,8.15,USD,1,,
2360,8.10,USD,1,,
2361,7.95,USD,1,,
2362,7.80,USD,1,,
2363,7.70,USD,1,,
2364,7.70,USD,1,,
2365,7.70,USD,1,,
2366,7.35,USD,1,,
2367,7.05,USD,1,,
2368,6.70,USD,1,,
2369,6.40,USD,1,,
2370,6.00,USD,1,,
2371,5.60,USD,1,,
2372,5.00,USD,1,,
2373,4.55,USD,1,,
2374,6.75,USD,1,,
2375,8.20,USD,1,,
2376,11.10,USD,1,,
2377,10.45,USD,1,,
2378,10.55,USD,1,,
2379,10.20,USD,1,,
2380,9.65,USD,1,,
2381,9.45,USD,1,,
2382,8.95,USD,1,,
2383,8.45,USD,1,,
2384,7.80,USD,1,,
2385,7.80,USD,1,,
2386,9.95,USD,1,,
2387,9.95,USD,1,,
2388,9.95,USD,1,,
2389,9.95,USD,1,,
2390,10.05,USD,1,,
2391,10.10,USD,1,,
2392,10.30,USD,1,,
2393,10.40,USD,1,,
2394,10.55,USD,1,,
2395,15.00,USD,1,,
2396,3.65,USD,1,,
2397,2.55,USD,1,,
2398,7.55,USD,1,,
2399,11.35,USD,1,,
2400,12.15,USD,1,,
2401,9.65,USD,1,,
2402,10.00,USD,1,,
2403,16.10,USD,1,,
2404,10.45,USD,1,,
2405,9.25,USD,1,,
2406,7.30,USD,1,,
2407,7.05,USD,1,,
2408,6.80,USD,1,,
2409,6.55,USD,1,,
2410,6.50,USD,1,,
2411,6.45,USD,1,,
2412,6.45,USD,1,,
2413,6.50,USD,1,,
2414,6.50,USD,1,,
2415,6.50,USD,1,,
2416,6.70,USD,1,,
2417,6.95,USD,1,,
2418,7.35,USD,1,,
2419,7.65,USD,1,,
2420,8.00,USD,1,,
2421,8.40,USD,1,,
2422,9.05,USD,1,,
2423,9.50,USD,1,,
2424,8.00,USD,1,,
2425,9.45,USD,1,,
2426,2.55,USD,1,,
2427,2.55,USD,1,,
2428,9.40,USD,1,,
2429,2.55,USD,1,,
2430,4.40,USD,1,,
2431,4.60,USD,1,,
2432,5.05,USD,1,,
2433,5.55,USD,1,,
2434,6.25,USD,1,,
2435,6.65,USD,1,,
2436,8.85,USD,1,,
2437,8.85,USD,1,,
2438,8.85,USD,1,,
2439,8.85,USD,1,,
2440,8.95,USD,1,,
2441,9.00,USD,1,,
2442,9.20,USD,1,,
2443,9.30,USD,1,,
2444,9.45,USD,1,,
2445,14.90,USD,1,,
2446,10.05,USD,1,,
2447,11.00,USD,1,,
2448,11.35,USD,1,,
2449,7.55,USD,1,,
2450,2.55,USD,1,,
2451,10.50,USD,1,,
2452,10.85,USD,1,,
2453,16.95,USD,1,,
2454,11.30,USD,1,,
2455,10.10,USD,1,,
2456,8.15,USD,1,,
2457,7.85,USD,1,,
2458,7.65,USD,1,,
2459,7.40,USD,1,,
2460,7.35,USD,1,,
2461,7.30,USD,1,,
2462,7.30,USD,1,,
2463,7.30,USD,1,,
2464,7.30,USD,1,,
2465,7.30,USD,1,,
2466,7.55,USD,1,,
2467,7.80,USD,1,,
2468,8.15,USD,1,,
2469,8.45,USD,1,,
2470,8.85,USD,1,,
2471,9.25,USD,1,,
2472,9.90,USD,1,,
2473,10.30,USD,1,,
2474,8.85,USD,1,,
2475,10.30,USD,1,,
2476,2.55,USD,1,,
2477,4.45,USD,1,,
2478,10.25,USD,1,,
2479,4.70,USD,1,,
2480,5.20,USD,1,,
2481,5.40,USD,1,,
2482,5.90,USD,1,,
2483,6.40,USD,1,,
2484,7.10,USD,1,,
2485,7.50,USD,1,,
2486,9.65,USD,1,,
2487,9.65,USD,1,,
2488,9.65,USD,1,,
2489,9.65,USD,1,,
2490,9.75,USD,1,,
2491,9.85,USD,1,,
2492,10.05,USD,1,,
2493,10.10,USD,1,,
2494,10.30,USD,1,,
2495,15.70,USD,1,,
2496,10.90,USD,1,,
2497,11.85,USD,1,,
2498,12.15,USD,1,,
2499,2.55,USD,1,,
2500,7.55,USD,1,,